[66.388, 307.018]
[66.649, 306.761]
[66.910, 306.763]
[67.170, 306.765]
[67.430, 306.767]
[67.691, 306.770]
[67.952, 306.512]
[68.213, 306.254]
[68.474, 306.257]
[68.735, 305.999]
[68.996, 305.741]
[69.257, 305.484]
[69.520, 304.966]
[69.781, 304.709]
[70.043, 304.191]
[70.305, 303.934]
[70.566, 303.676]
[70.826, 303.678]
[71.086, 303.680]
[71.346, 303.942]
[71.606, 303.945]
[71.866, 303.947]
[72.127, 303.949]
[72.387, 303.951]
[72.647, 303.953]
[72.908, 303.955]
[73.168, 303.958]
[73.428, 303.960]
[73.689, 303.962]
[73.949, 303.964]
[74.209, 303.966]
[74.468, 304.228]
[74.728, 304.490]
[74.987, 304.752]
[75.246, 305.014]
[75.506, 305.276]
[75.766, 305.278]
[76.025, 305.540]
[76.285, 305.802]
[76.545, 305.804]
[76.805, 305.806]
[77.065, 306.068]
[77.325, 306.070]
[77.585, 306.073]
[77.845, 306.335]
[78.104, 306.597]
[78.363, 306.859]
[78.624, 306.861]
[78.883, 307.123]
[79.142, 307.385]
[79.403, 307.387]
[79.663, 307.389]
[79.922, 307.651]
[80.182, 307.653]
[80.442, 307.915]
[80.701, 308.177]
[80.961, 308.179]
[81.222, 308.181]
[81.482, 308.183]
[81.742, 308.186]
[82.002, 308.448]
[82.262, 308.450]
[82.522, 308.452]
[82.783, 308.454]
[83.044, 308.196]
[83.304, 308.199]
[83.565, 308.201]
[83.825, 308.203]
[84.085, 308.205]
[84.346, 307.948]
[84.608, 307.690]
[84.868, 307.692]
[85.129, 307.435]
[85.391, 307.177]
[85.651, 307.179]
[85.911, 307.181]
[86.171, 307.183]
[86.432, 307.186]
[86.692, 307.188]
[86.953, 306.930]
[87.213, 307.192]
[87.473, 307.194]
[87.732, 307.456]
[87.993, 307.458]
[88.253, 307.461]
[88.513, 307.463]
[88.774, 307.465]
[89.033, 307.727]
[89.292, 307.989]
[89.551, 308.511]
[89.809, 309.032]
[90.067, 309.554]
[90.327, 309.816]
[90.585, 310.338]
[90.845, 310.340]
[91.105, 310.602]
[91.364, 310.864]
[91.624, 310.866]
[91.885, 310.868]
[92.144, 311.130]
[92.404, 311.132]
[92.664, 311.134]
[92.925, 311.137]
[93.185, 311.139]
[93.444, 311.401]
[93.704, 311.663]
[93.963, 311.925]
[94.222, 312.186]
[94.481, 312.708]
[94.741, 312.710]
[95.000, 312.972]
[95.260, 313.234]
[95.520, 313.236]
[95.779, 313.498]
[96.039, 313.760]
[96.297, 314.282]
[96.555, 314.804]
[96.815, 315.066]
[97.073, 315.587]
[97.332, 315.849]
[97.593, 315.852]
[97.852, 316.114]
[98.111, 316.375]
[98.371, 316.637]
[98.631, 316.640]
[98.890, 316.902]
[99.150, 317.164]
[99.410, 317.166]
[99.670, 317.168]
[99.930, 317.430]
[100.190, 317.432]
[100.450, 317.434]
[100.711, 317.436]
[100.971, 317.438]
[101.230, 317.700]
[101.490, 317.703]
[101.751, 317.705]
[102.011, 317.707]
[102.270, 317.969]
[102.530, 318.231]
[102.789, 318.493]
[103.048, 318.755]
[103.308, 319.017]
[103.568, 319.019]
[103.827, 319.281]
[104.087, 319.543]
[104.347, 319.545]
[104.606, 319.807]
[104.867, 319.809]
[105.127, 319.811]
[105.387, 319.813]
[105.648, 319.816]
[105.907, 320.078]
[106.167, 320.080]
[106.427, 320.082]
[106.688, 320.084]
[106.948, 320.086]
[107.209, 319.829]
[107.470, 319.831]
[107.730, 319.833]
[107.990, 319.835]
[108.251, 319.837]
[108.512, 319.580]
[108.773, 319.322]
[109.033, 319.324]
[109.295, 319.067]
[109.556, 318.809]
[109.816, 318.811]
[110.078, 318.554]
[110.339, 318.296]
[110.600, 318.038]
[110.861, 318.040]
[111.121, 318.043]
[111.381, 318.045]
[111.642, 317.787]
[111.903, 317.789]
[112.163, 317.792]
[112.423, 317.794]
[112.685, 317.536]
[112.945, 317.538]
[113.205, 317.540]
[113.466, 317.543]
[113.726, 317.545]
[113.987, 317.287]
[114.247, 317.289]
[114.508, 317.292]
[114.768, 317.294]
[115.029, 317.036]
[115.290, 317.038]
[115.551, 316.781]
[115.811, 316.783]
[116.072, 316.785]
[116.332, 316.787]
[116.592, 316.789]
[116.853, 316.532]
[117.114, 316.534]
[117.375, 316.276]
[117.636, 316.019]
[117.897, 316.021]
[118.159, 315.503]
[118.420, 315.246]
[118.682, 314.728]
[118.948, 313.432]
[119.209, 313.174]
[119.470, 312.917]
[119.731, 312.919]
[119.992, 312.661]
[120.253, 312.404]
[120.513, 312.406]
[120.775, 312.148]
[121.036, 311.890]
[121.297, 311.633]
[121.559, 311.375]
[121.820, 311.118]
[122.081, 310.860]
[122.343, 310.343]
[122.605, 310.085]
[122.866, 309.827]
[123.127, 309.570]
[123.388, 309.312]
[123.650, 309.055]
[123.910, 309.057]
[124.170, 309.059]
[124.432, 308.801]
[124.693, 308.544]
[124.953, 308.546]
[125.215, 308.288]
[125.476, 308.031]
[125.736, 308.033]
[125.996, 308.035]
[126.257, 308.037]
[126.518, 307.780]
[126.778, 307.782]
[127.040, 307.524]
[127.300, 307.526]
[127.559, 307.788]
[127.820, 307.790]
[128.079, 308.052]
[128.339, 308.055]
[128.599, 308.316]
[128.859, 308.319]
[129.119, 308.321]
[129.379, 308.323]
[129.640, 308.325]
[129.899, 308.587]
[130.159, 308.589]
[130.420, 308.591]
[130.680, 308.594]
[130.941, 308.336]
[131.202, 308.338]
[131.462, 308.340]
[131.722, 308.343]
[131.983, 308.345]
[132.244, 308.087]
[132.505, 307.829]
[132.765, 307.832]
[133.027, 307.574]
[133.288, 307.316]
[133.549, 307.059]
[133.811, 306.541]
[134.073, 306.284]
[134.334, 306.026]
[134.595, 305.769]
[134.858, 305.251]
[135.119, 304.994]
[135.380, 304.736]
[135.641, 304.478]
[135.903, 304.221]
[136.163, 304.223]
[136.424, 303.965]
[136.686, 303.708]
[136.946, 303.710]
[137.207, 303.452]
[137.468, 303.454]
[137.728, 303.457]
[137.988, 303.459]
[138.247, 303.721]
[138.508, 303.723]
[138.767, 303.985]
[139.027, 303.987]
[139.288, 303.989]
[139.548, 303.991]
[139.808, 303.994]
[140.068, 304.255]
[140.328, 304.258]
[140.588, 304.260]
[140.850, 304.002]
[141.110, 304.004]
[141.370, 304.007]
[141.630, 304.009]
[141.890, 304.271]
[142.149, 304.533]
[142.409, 304.535]
[142.669, 304.797]
[142.928, 305.059]
[143.188, 305.061]
[143.448, 305.323]
[143.707, 305.585]
[143.966, 305.847]
[144.226, 306.109]
[144.485, 306.371]
[144.744, 306.633]
[145.004, 306.895]
[145.263, 307.156]
[145.522, 307.418]
[145.783, 307.421]
[146.042, 307.683]
[146.301, 307.944]
[146.562, 307.947]
[146.822, 307.949]
[147.082, 307.951]
[147.343, 307.953]
[147.602, 308.215]
[147.862, 308.217]
[148.123, 307.960]
[148.384, 307.962]
[148.644, 307.964]
[148.904, 307.966]
[149.165, 307.968]
[149.426, 307.711]
[149.687, 307.453]
[149.948, 307.455]
[150.209, 307.198]
[150.470, 306.940]
[150.730, 306.942]
[150.991, 306.944]
[151.251, 306.947]
[151.510, 307.209]
[151.771, 307.211]
[152.031, 307.213]
[152.291, 307.215]
[152.552, 307.217]
[152.812, 307.219]
[153.072, 307.222]
[153.334, 306.964]
[153.594, 306.966]
[153.854, 306.968]
[154.114, 306.970]
[154.375, 306.973]
[154.635, 306.975]
[154.895, 306.977]
[155.156, 306.979]
[155.415, 307.241]
[155.674, 307.503]
[155.933, 308.025]
[156.192, 308.287]
[156.450, 308.808]
[156.710, 309.070]
[156.969, 309.332]
[157.228, 309.594]
[157.484, 310.895]
[157.742, 311.417]
[158.001, 311.679]
[158.260, 312.201]
[158.519, 312.463]
[158.778, 312.725]
[159.037, 313.246]
[159.296, 313.508]
[159.554, 314.030]
[159.814, 314.292]
[160.073, 314.554]
[160.333, 314.556]
[160.593, 314.818]
[160.852, 315.080]
[161.112, 315.082]
[161.372, 315.344]
[161.632, 315.346]
[161.892, 315.349]
[162.153, 315.351]
[162.413, 315.353]
[162.672, 315.615]
[162.933, 315.617]
[163.192, 315.879]
[163.452, 315.881]
[163.713, 315.883]
[163.973, 315.885]
[164.233, 315.888]
[164.492, 316.150]
[164.753, 316.152]
[165.012, 316.414]
[165.271, 316.676]
[165.532, 316.678]
[165.791, 316.940]
[166.050, 317.202]
[166.308, 317.983]
[166.566, 318.505]
[166.825, 318.767]
[167.084, 319.289]
[167.344, 319.291]
[167.603, 319.553]
[167.863, 319.815]
[168.123, 319.817]
[168.383, 319.819]
[168.644, 319.821]
[168.904, 319.823]
[169.163, 320.085]
[169.424, 320.087]
[169.684, 320.090]
[169.944, 320.092]
[170.206, 319.834]
[170.465, 320.096]
[170.725, 320.098]
[170.985, 320.100]
[171.246, 320.103]
[171.506, 320.105]
[171.765, 320.367]
[172.026, 320.369]
[172.286, 320.371]
[172.546, 320.373]
[172.807, 320.375]
[173.068, 320.118]
[173.327, 320.380]
[173.587, 320.642]
[173.846, 320.904]
[174.105, 321.166]
[174.364, 321.687]
[174.624, 321.690]
[174.883, 321.952]
[175.143, 322.213]
[175.403, 322.216]
[175.663, 322.218]
[175.923, 322.220]
[176.184, 322.222]
[176.443, 322.484]
[176.704, 322.226]
[176.965, 322.229]
[177.225, 322.231]
[177.485, 322.233]
[177.746, 322.235]
[178.007, 321.978]
[178.267, 321.980]
[178.529, 321.722]
[178.789, 321.724]
[179.049, 321.726]
[179.309, 321.729]
[179.570, 321.731]
[179.830, 321.733]
[180.090, 321.735]
[180.351, 321.737]
[180.610, 321.999]
[180.870, 322.001]
[181.131, 322.004]
[181.391, 322.006]
[181.651, 322.008]
[181.912, 321.750]
[182.173, 321.752]
[182.433, 321.755]
[182.693, 321.757]
[182.954, 321.759]
[183.215, 321.501]
[183.476, 321.244]
[183.737, 321.246]
[183.999, 320.729]
[184.260, 320.471]
[184.522, 319.954]
[184.790, 318.137]
[185.051, 317.880]
[185.313, 317.362]
[185.574, 317.105]
[185.837, 316.587]
[186.121, 310.095]
[186.383, 309.837]
[186.644, 309.580]
[186.905, 309.322]
[187.167, 309.065]
[187.427, 309.067]
[187.688, 308.809]
[187.949, 308.552]
[188.210, 308.554]
[188.471, 308.296]
[188.732, 308.038]
[188.994, 307.781]
[189.255, 307.523]
[189.515, 307.525]
[189.775, 307.528]
[190.036, 307.530]
[190.297, 307.272]
[190.557, 307.274]
[190.819, 307.017]
[191.079, 307.019]
[191.339, 307.021]
[191.600, 307.023]
[191.860, 307.025]
[192.119, 307.287]
[192.379, 307.289]
[192.640, 307.292]
[192.899, 307.554]
[193.159, 307.556]
[193.419, 307.818]
[193.679, 307.820]
[193.938, 308.082]
[194.198, 308.344]
[194.458, 308.346]
[194.717, 308.608]
[194.978, 308.610]
[195.238, 308.612]
[195.498, 308.614]
[195.759, 308.617]
[196.018, 308.879]
[196.278, 308.881]
[196.540, 308.623]
[196.800, 308.625]
[197.060, 308.627]
[197.320, 308.630]
[197.581, 308.632]
[197.842, 308.374]
[198.103, 308.117]
[198.364, 308.119]
[198.626, 307.601]
[198.887, 307.344]
[199.149, 306.826]
[199.419, 304.491]
[199.680, 304.233]
[199.941, 303.975]
[200.201, 303.977]
[200.462, 303.980]
[200.723, 303.722]
[200.983, 303.724]
[201.244, 303.726]
[201.504, 303.729]
[201.764, 303.731]
[202.025, 303.733]
[202.285, 303.735]
[202.545, 303.737]
[202.804, 303.999]
[203.065, 304.001]
[203.325, 304.004]
[203.585, 304.006]
[203.845, 304.268]
[204.105, 304.270]
[204.365, 304.272]
[204.626, 304.274]
[204.886, 304.276]
[205.145, 304.538]
[205.405, 304.800]
[205.665, 304.802]
[205.924, 305.064]
[206.184, 305.326]
[206.444, 305.328]
[206.703, 305.590]
[206.964, 305.593]
[207.224, 305.595]
[207.484, 305.597]
[207.744, 305.599]
[208.004, 305.861]
[208.264, 305.863]
[208.523, 306.125]
[208.783, 306.387]
[209.043, 306.389]
[209.302, 306.651]
[209.563, 306.653]
[209.822, 306.915]
[210.081, 307.177]
[210.342, 307.179]
[210.602, 307.182]
[210.862, 307.184]
[211.123, 307.186]
[211.382, 307.448]
[211.643, 307.190]
[211.903, 307.192]
[212.164, 307.195]
[212.424, 307.197]
[212.684, 307.199]
[212.946, 306.941]
[213.206, 306.944]
[213.467, 306.686]
[213.729, 306.428]
[213.989, 306.431]
[214.250, 306.173]
[214.511, 305.915]
[214.772, 305.917]
[215.032, 305.920]
[215.293, 305.662]
[215.554, 305.664]
[215.813, 305.926]
[216.073, 305.928]
[216.334, 305.930]
[216.594, 305.933]
[216.854, 305.935]
[217.113, 306.197]
[217.374, 306.199]
[217.634, 306.201]
[217.894, 306.203]
[218.156, 305.946]
[218.416, 305.948]
[218.675, 306.210]
[218.935, 306.472]
[219.194, 306.734]
[219.453, 306.996]
[219.713, 307.258]
[219.972, 307.520]
[220.230, 308.041]
[220.490, 308.303]
[220.748, 308.825]
[221.008, 308.827]
[221.268, 309.089]
[221.527, 309.351]
[221.786, 309.613]
[222.046, 309.875]
[222.305, 310.137]
[222.564, 310.399]
[222.823, 310.921]
[223.082, 311.182]
[223.341, 311.444]
[223.601, 311.706]
[223.860, 311.968]
[224.119, 312.230]
[224.379, 312.492]
[224.639, 312.494]
[224.898, 312.756]
[225.158, 313.018]
[225.417, 313.280]
[225.676, 313.542]
[225.936, 313.804]
[226.194, 314.326]
[226.454, 314.328]
[226.714, 314.590]
[226.973, 314.852]
[227.233, 314.854]
[227.493, 314.856]
[227.754, 314.858]
[228.014, 314.861]
[228.273, 315.123]
[228.534, 315.125]
[228.794, 315.127]
[229.054, 315.129]
[229.315, 315.131]
[229.575, 315.133]
[229.835, 315.136]
[230.096, 315.138]
[230.356, 315.140]
[230.615, 315.402]
[230.876, 315.404]
[231.136, 315.406]
[231.395, 315.668]
[231.654, 315.930]
[231.914, 316.192]
[232.173, 316.454]
[232.432, 316.716]
[232.693, 316.718]
[232.952, 316.980]
[233.211, 317.242]
[233.472, 317.244]
[233.732, 317.246]
[233.991, 317.508]
[234.251, 317.770]
[234.510, 318.032]
[234.769, 318.294]
[235.030, 318.296]
[235.289, 318.558]
[235.548, 318.820]
[235.809, 318.822]
[236.069, 318.825]
[236.329, 318.827]
[236.590, 318.829]
[236.849, 319.091]
[237.110, 318.833]
[237.370, 318.835]
[237.631, 318.838]
[237.891, 318.840]
[238.151, 318.842]
[238.413, 318.584]
[238.674, 318.327]
[238.934, 318.329]
[239.197, 317.811]
[239.458, 317.554]
[239.720, 317.036]
[239.981, 316.779]
[240.243, 316.521]
[240.504, 316.264]
[240.764, 316.266]
[241.026, 316.008]
[241.287, 315.751]
[241.548, 315.493]
[241.808, 315.495]
[242.070, 315.238]
[242.330, 315.240]
[242.591, 314.982]
[242.852, 314.984]
[243.113, 314.727]
[243.373, 314.729]
[243.633, 314.731]
[243.894, 314.733]
[244.154, 314.735]
[244.414, 314.738]
[244.676, 314.480]
[244.936, 314.482]
[245.196, 314.484]
[245.457, 314.486]
[245.717, 314.489]
[245.978, 314.231]
[246.239, 313.973]
[246.500, 313.976]
[246.761, 313.718]
[247.022, 313.460]
[247.284, 313.203]
[247.545, 312.945]
[247.805, 312.947]
[248.067, 312.690]
[248.328, 312.432]
[248.588, 312.434]
[248.849, 312.177]
[249.111, 311.919]
[249.373, 311.402]
[249.634, 311.144]
[249.896, 310.627]
[250.160, 309.850]
[250.421, 309.592]
[250.682, 309.334]
[250.944, 309.077]
[251.205, 308.819]
[251.467, 308.302]
[251.728, 308.044]
[251.990, 307.786]
[252.251, 307.529]
[252.512, 307.271]
[252.774, 307.014]
[253.035, 306.756]
[253.295, 306.758]
[253.556, 306.501]
[253.818, 306.243]
[254.079, 305.985]
[254.340, 305.728]
[254.601, 305.730]
[254.862, 305.472]
[255.122, 305.474]
[255.382, 305.477]
[255.644, 305.219]
[255.904, 305.221]
[256.164, 305.223]
[256.425, 305.226]
[256.685, 305.228]
[256.945, 305.230]
[257.206, 305.232]
[257.466, 305.234]
[257.726, 305.236]
[257.987, 305.239]
[258.246, 305.501]
[258.505, 305.762]
[258.765, 305.765]
[259.025, 306.027]
[259.284, 306.289]
[259.544, 306.291]
[259.805, 306.293]
[260.065, 306.295]
[260.325, 306.297]
[260.585, 306.559]
[260.846, 306.302]
[261.106, 306.304]
[261.367, 306.306]
[261.627, 306.308]
[261.887, 306.310]
[262.148, 306.053]
[262.410, 305.795]
[262.670, 305.797]
[262.931, 305.540]
[263.193, 305.282]
[263.454, 305.024]
[263.715, 304.767]
[263.977, 304.509]
[264.239, 303.992]
[264.500, 303.734]
[264.762, 303.217]
[265.026, 302.440]
[265.287, 302.182]
[265.548, 301.924]
[265.809, 301.667]
[266.070, 301.669]
[266.331, 301.411]
[266.592, 301.154]
[266.854, 300.896]
[267.114, 300.898]
[267.374, 300.900]
[267.634, 301.162]
[267.894, 301.165]
[268.154, 301.167]
[268.414, 301.169]
[268.675, 301.171]
[268.935, 301.173]
[269.195, 301.175]
[269.456, 301.178]
[269.716, 301.180]
[269.977, 300.922]
[270.238, 300.924]
[270.497, 301.186]
[270.757, 301.188]
[271.017, 301.450]
[271.276, 301.712]
[271.536, 301.715]
[271.795, 301.976]
[272.055, 302.238]
[272.314, 302.500]
[272.573, 302.762]
[272.833, 303.024]
[273.092, 303.286]
[273.352, 303.288]
[273.612, 303.550]
[273.871, 303.812]
[274.131, 303.814]
[274.392, 303.817]
[274.651, 304.079]
[274.911, 304.081]
[275.171, 304.343]
[275.430, 304.605]
[275.690, 304.607]
[275.951, 304.609]
[276.210, 304.871]
[276.469, 305.133]
[276.730, 305.135]
[276.989, 305.397]
[277.248, 305.659]
[277.509, 305.661]
[277.769, 305.663]
[278.029, 305.665]
[278.289, 305.668]
[278.549, 305.930]
[278.809, 305.932]
[279.069, 305.934]
[279.330, 305.936]
[279.591, 305.678]
[279.851, 305.681]
[280.112, 305.683]
[280.372, 305.685]
[280.632, 305.687]
[280.893, 305.430]
[281.154, 305.432]
[281.415, 305.174]
[281.676, 304.917]
[281.937, 304.919]
[282.198, 304.661]
[282.459, 304.403]
[282.720, 304.406]
[282.981, 304.148]
[283.241, 304.150]
[283.501, 304.152]
[283.762, 304.155]
[284.021, 304.417]
[284.281, 304.419]
[284.541, 304.681]
[284.801, 304.683]
[285.061, 304.685]
[285.322, 304.687]
[285.582, 304.689]
[285.841, 304.951]
[286.101, 305.213]
[286.359, 305.735]
[286.618, 305.997]
[286.877, 306.519]
[287.136, 306.781]
[287.395, 307.042]
[287.656, 307.045]
[287.915, 307.307]
[288.174, 307.569]
[288.435, 307.571]
[288.695, 307.573]
[288.955, 307.575]
[289.215, 307.837]
[289.474, 308.099]
[289.733, 308.361]
[289.992, 308.623]
[290.252, 308.885]
[290.511, 309.147]
[290.770, 309.668]
[291.029, 309.930]
[291.287, 310.452]
[291.547, 310.714]
[291.806, 310.976]
[292.066, 310.978]
[292.325, 311.240]
[292.585, 311.502]
[292.844, 311.764]
[293.103, 312.026]
[293.363, 312.288]
[293.621, 312.810]
[293.880, 313.072]
[294.140, 313.334]
[294.400, 313.336]
[294.659, 313.598]
[294.919, 313.860]
[295.178, 314.122]
[295.438, 314.124]
[295.698, 314.386]
[295.957, 314.648]
[296.217, 314.650]
[296.478, 314.652]
[296.738, 314.654]
[296.997, 314.916]
[297.258, 314.918]
[297.518, 314.921]
[297.778, 314.923]
[298.039, 314.925]
[298.298, 315.187]
[298.558, 315.189]
[298.818, 315.191]
[299.079, 315.193]
[299.339, 315.195]
[299.598, 315.457]
[299.858, 315.719]
[300.117, 315.981]
[300.376, 316.243]
[300.637, 316.245]
[300.896, 316.507]
[301.155, 316.769]
[301.416, 316.772]
[301.676, 316.774]
[301.935, 317.036]
[302.196, 317.038]
[302.456, 317.040]
[302.716, 317.042]
[302.977, 317.044]
[303.236, 317.306]
[303.496, 317.308]
[303.756, 317.311]
[304.017, 317.313]
[304.277, 317.315]
[304.537, 317.317]
[304.799, 317.059]
[305.059, 317.062]
[305.319, 317.064]
[305.580, 317.066]
[305.839, 317.328]
[306.099, 317.330]
[306.360, 317.332]
[306.620, 317.334]
[306.880, 317.337]
[307.141, 317.079]
[307.402, 317.081]
[307.662, 317.083]
[307.922, 317.086]
[308.183, 317.088]
[308.444, 316.830]
[308.705, 316.572]
[308.966, 316.575]
[309.228, 316.057]
[309.489, 315.800]
[309.750, 315.542]
[310.012, 315.284]
[310.273, 315.027]
[310.532, 315.289]
[310.794, 315.031]
[311.054, 315.033]
[311.314, 315.036]
[311.574, 315.038]
[311.835, 315.040]
[312.096, 314.782]
[312.356, 314.784]
[312.618, 314.527]
[312.878, 314.529]
[313.138, 314.531]
[313.399, 314.533]
[313.659, 314.535]
[313.920, 314.278]
[314.180, 314.280]
[314.441, 314.282]
[314.701, 314.284]
[314.962, 314.027]
[315.224, 313.769]
[315.484, 313.771]
[315.745, 313.514]
[316.007, 313.256]
[316.268, 312.999]
[316.530, 312.481]
[316.791, 312.224]
[317.054, 311.706]
[317.315, 311.449]
[317.576, 311.191]
[317.836, 311.193]
[318.097, 311.195]
[318.358, 310.938]
[318.619, 310.680]
[318.880, 310.682]
[319.142, 310.165]
[319.403, 309.907]
[319.665, 309.390]
[319.930, 308.353]
[320.191, 308.095]
[320.452, 307.838]
[320.714, 307.580]
[320.975, 307.322]
[321.236, 307.065]
[321.497, 306.807]
[321.759, 306.550]
[322.019, 306.552]
[322.280, 306.294]
[322.542, 306.037]
[322.802, 306.039]
[323.063, 305.781]
[323.323, 305.783]
[323.584, 305.785]
[323.845, 305.528]
[324.105, 305.530]
[324.367, 305.272]
[324.627, 305.275]
[324.886, 305.537]
[325.147, 305.539]
[325.406, 305.801]
[325.666, 305.803]
[325.927, 305.805]
[326.187, 305.807]
[326.447, 305.809]
[326.706, 306.071]
[326.967, 306.073]
[327.227, 306.076]
[327.488, 305.818]
[327.749, 305.820]
[328.008, 306.082]
[328.268, 306.084]
[328.529, 306.086]
[328.789, 306.089]
[329.050, 305.831]
[329.311, 305.833]
[329.571, 305.835]
[329.831, 305.838]
[330.091, 305.840]
[330.353, 305.582]
[330.614, 305.325]
[330.874, 305.327]
[331.136, 305.069]
[331.397, 304.811]
[331.658, 304.554]
[331.919, 304.296]
[332.181, 304.039]
[332.441, 304.041]
[332.702, 303.783]
[332.965, 303.266]
[333.226, 303.008]
[333.488, 302.491]
[333.751, 301.714]
[334.014, 301.196]
[334.275, 300.939]
[334.536, 300.681]
[334.797, 300.683]
[335.057, 300.685]
[335.318, 300.428]
[335.579, 300.170]
[335.840, 300.172]
[336.101, 299.915]
[336.362, 299.657]
[336.624, 299.400]
[336.884, 299.402]
[337.144, 299.404]
[337.404, 299.406]
[337.665, 299.408]
[337.925, 299.410]
[338.185, 299.413]
[338.447, 299.155]
[338.706, 299.417]
[338.966, 299.419]
[339.226, 299.681]
[339.485, 299.943]
[339.745, 299.945]
[340.006, 299.947]
[340.265, 300.209]
[340.525, 300.211]
[340.785, 300.473]
[341.044, 300.735]
[341.304, 300.737]
[341.563, 300.999]
[341.823, 301.261]
[342.083, 301.264]
[342.342, 301.525]
[342.602, 301.787]
[342.861, 302.049]
[343.120, 302.311]
[343.380, 302.573]
[343.640, 302.575]
[343.899, 302.837]
[344.159, 303.099]
[344.419, 303.102]
[344.678, 303.363]
[344.939, 303.366]
[345.198, 303.628]
[345.458, 303.630]
[345.719, 303.632]
[345.979, 303.634]
[346.239, 303.636]
[346.499, 303.898]
[346.760, 303.641]
[347.020, 303.643]
[347.280, 303.645]
[347.541, 303.647]
[347.801, 303.649]
[348.062, 303.392]
[348.324, 303.134]
[348.584, 303.136]
[348.845, 302.879]
[349.107, 302.621]
[349.368, 302.363]
[349.628, 302.366]
[349.889, 302.108]
[350.150, 302.110]
[350.409, 302.372]
[350.670, 302.115]
[350.931, 302.117]
[351.191, 302.119]
[351.451, 302.121]
[351.712, 302.123]
[351.973, 301.866]
[352.233, 301.868]
[352.493, 301.870]
[352.754, 301.872]
[353.014, 301.874]
[353.274, 301.876]
[353.535, 301.879]
[353.795, 301.881]
[354.054, 302.143]
[354.314, 302.405]
[354.572, 302.926]
[354.831, 303.188]
[355.090, 303.710]
[355.349, 303.972]
[355.608, 304.234]
[355.868, 304.496]
[356.126, 305.018]
[356.384, 305.539]
[356.644, 305.801]
[356.902, 306.323]
[357.161, 306.585]
[357.421, 306.847]
[357.680, 307.109]
[357.938, 307.631]
[358.198, 307.893]
[358.456, 308.414]
[358.715, 308.676]
[358.975, 308.938]
[359.235, 308.940]
[359.494, 309.202]
[359.754, 309.464]
[360.014, 309.466]
[360.274, 309.469]
[360.535, 309.471]
[360.795, 309.473]
[361.054, 309.735]
[361.315, 309.477]
[361.576, 309.479]
[361.835, 309.741]
[362.095, 309.744]
[362.356, 309.746]
[362.616, 309.748]
[362.876, 309.750]
[363.137, 309.752]
[363.397, 309.754]
[363.657, 309.757]
[363.918, 309.759]
[364.177, 310.021]
[364.436, 310.283]
[364.695, 310.804]
[364.953, 311.326]
[365.212, 311.588]
[365.471, 312.110]
[365.729, 312.632]
[365.988, 312.893]
[366.247, 313.415]
[366.507, 313.417]
[366.766, 313.679]
[367.026, 313.941]
[367.286, 313.943]
[367.546, 313.946]
[367.807, 313.948]
[368.067, 313.950]
[368.326, 314.212]
[368.586, 314.214]
[368.847, 314.216]
[369.108, 313.959]
[369.368, 313.961]
[369.629, 313.963]
[369.889, 313.965]
[370.148, 314.227]
[370.410, 313.969]
[370.670, 313.972]
[370.930, 313.974]
[371.191, 313.976]
[371.451, 313.978]
[371.712, 313.721]
[371.973, 313.463]
[372.234, 313.465]
[372.495, 313.207]
[372.756, 312.950]
[373.017, 312.952]
[373.278, 312.694]
[373.538, 312.697]
[373.798, 312.699]
[374.060, 312.441]
[374.321, 312.184]
[374.581, 312.186]
[374.843, 311.928]
[375.104, 311.671]
[375.364, 311.673]
[375.626, 311.415]
[375.887, 311.157]
[376.147, 311.160]
[376.408, 310.902]
[376.669, 310.904]
[376.930, 310.647]
[377.190, 310.649]
[377.452, 310.391]
[377.713, 310.134]
[377.973, 310.136]
[378.234, 309.878]
[378.496, 309.621]
[378.757, 309.363]
[379.017, 309.365]
[379.278, 309.367]
[379.538, 309.369]
[379.798, 309.372]
[380.060, 309.114]
[380.320, 309.116]
[380.581, 308.859]
[380.842, 308.601]
[381.103, 308.603]
[381.364, 308.345]
[381.625, 308.088]
[381.887, 307.830]
[382.147, 307.832]
[382.408, 307.575]
[382.670, 307.057]
[382.932, 306.800]
[383.194, 306.282]
[383.458, 305.245]
[383.719, 304.988]
[383.981, 304.730]
[384.242, 304.473]
[384.502, 304.475]
[384.764, 304.217]
[385.025, 303.960]
[385.286, 303.702]
[385.547, 303.444]
[385.808, 303.447]
[386.069, 303.189]
[386.330, 302.931]
[386.592, 302.674]
[386.853, 302.416]
[387.114, 302.159]
[387.375, 301.901]
[387.637, 301.643]
[387.898, 301.386]
[388.159, 301.128]
[388.421, 300.870]
[388.682, 300.613]
[388.942, 300.615]
[389.203, 300.617]
[389.464, 300.360]
[389.725, 300.102]
[389.985, 300.104]
[390.247, 299.847]
[390.507, 299.849]
[390.766, 300.111]
[391.027, 300.113]
[391.287, 300.115]
[391.547, 300.117]
[391.807, 300.379]
[392.067, 300.381]
[392.327, 300.383]
[392.587, 300.386]
[392.847, 300.648]
[393.107, 300.650]
[393.366, 300.912]
[393.627, 300.914]
[393.887, 300.916]
[394.147, 300.918]
[394.408, 300.920]
[394.667, 301.182]
[394.928, 300.925]
[395.189, 300.927]
[395.449, 300.929]
[395.709, 300.931]
[395.970, 300.933]
[396.231, 300.676]
[396.492, 300.418]
[396.752, 300.420]
[397.015, 299.903]
[397.276, 299.645]
[397.538, 299.128]
[397.800, 298.611]
[398.064, 297.833]
[398.327, 297.056]
[398.588, 296.799]
[398.849, 296.541]
[399.110, 296.543]
[399.370, 296.545]
[399.631, 296.288]
[399.893, 296.030]
[400.153, 296.032]
[400.414, 295.775]
[400.676, 295.517]
[400.936, 295.519]
[401.196, 295.521]
[401.456, 295.524]
[401.717, 295.526]
[401.977, 295.528]
[402.237, 295.530]
[402.497, 295.792]
[402.757, 295.794]
[403.016, 296.056]
[403.277, 296.058]
[403.536, 296.320]
[403.796, 296.323]
[404.057, 296.325]
[404.317, 296.327]
[404.577, 296.329]
[404.837, 296.591]
[405.097, 296.593]
[405.356, 296.855]
[405.616, 297.117]
[405.876, 297.119]
[406.135, 297.381]
[406.395, 297.383]
[406.655, 297.645]
[406.915, 297.647]
[407.175, 297.650]
[407.435, 297.912]
[407.694, 298.174]
[407.954, 298.176]
[408.214, 298.438]
[408.473, 298.700]
[408.733, 298.702]
[408.993, 298.964]
[409.253, 298.966]
[409.513, 298.968]
[409.774, 298.970]
[410.034, 298.972]
[410.293, 299.234]
[410.554, 299.237]
[410.815, 298.979]
[411.075, 298.981]
[411.335, 298.983]
[411.596, 298.985]
[411.856, 298.988]
[412.117, 298.730]
[412.378, 298.732]
[412.639, 298.475]
[412.900, 298.217]
[413.160, 298.219]
[413.422, 297.961]
[413.683, 297.704]
[413.943, 297.706]
[414.204, 297.708]
[414.465, 297.451]
[414.724, 297.713]
[414.985, 297.715]
[415.245, 297.717]
[415.505, 297.719]
[415.766, 297.721]
[416.025, 297.983]
[416.286, 297.726]
[416.546, 297.728]
[416.807, 297.730]
[417.067, 297.732]
[417.326, 297.994]
[417.587, 297.996]
[417.846, 298.258]
[418.105, 298.520]
[418.366, 298.522]
[418.626, 298.524]
[418.885, 298.786]
[419.145, 299.048]
[419.403, 299.570]
[419.662, 299.832]
[419.921, 300.354]
[420.180, 300.616]
[420.439, 300.878]
[420.699, 301.140]
[420.958, 301.402]
[421.217, 301.663]
[421.477, 301.925]
[421.735, 302.447]
[421.994, 302.709]
[422.253, 303.231]
[422.512, 303.493]
[422.772, 303.495]
[423.032, 303.757]
[423.291, 304.019]
[423.551, 304.021]
[423.811, 304.283]
[424.070, 304.545]
[424.330, 304.547]
[424.590, 304.809]
[424.849, 305.071]
[425.109, 305.073]
[425.368, 305.335]
[425.629, 305.337]
[425.889, 305.339]
[426.149, 305.342]
[426.410, 305.344]
[426.669, 305.606]
[426.929, 305.608]
[427.189, 305.870]
[427.448, 306.132]
[427.708, 306.134]
[427.969, 306.136]
[428.229, 306.138]
[428.488, 306.400]
[428.749, 306.402]
[429.009, 306.405]
[429.269, 306.407]
[429.530, 306.409]
[429.789, 306.671]
[430.048, 306.933]
[430.307, 307.195]
[430.567, 307.457]
[430.826, 307.719]
[431.085, 307.981]
[431.346, 307.983]
[431.605, 308.245]
[431.864, 308.507]
[432.125, 308.509]
[432.385, 308.511]
[432.645, 308.513]
[432.905, 308.775]
[433.165, 308.777]
[433.424, 309.039]
[433.684, 309.301]
[433.944, 309.303]
[434.204, 309.306]
[434.465, 309.308]
[434.725, 309.310]
[434.984, 309.572]
[435.245, 309.574]
[435.506, 309.316]
[435.766, 309.319]
[436.026, 309.321]
[436.287, 309.323]
[436.547, 309.325]
[436.808, 309.068]
[437.070, 308.810]
[437.330, 308.812]
[437.591, 308.554]
[437.852, 308.297]
[438.114, 308.039]
[438.375, 307.782]
[438.636, 307.524]
[438.897, 307.526]
[439.158, 307.269]
[439.419, 307.011]
[439.680, 306.753]
[439.942, 306.496]
[440.203, 306.238]
[440.464, 305.981]
[440.726, 305.723]
[440.986, 305.725]
[441.247, 305.467]
[441.508, 305.210]
[441.769, 305.212]
[442.029, 305.214]
[442.289, 305.216]
[442.550, 305.219]
[442.810, 305.221]
[443.071, 304.963]
[443.332, 304.965]
[443.592, 304.967]
[443.852, 304.970]
[444.113, 304.972]
[444.374, 304.714]
[444.635, 304.457]
[444.895, 304.459]
[445.157, 304.201]
[445.418, 303.944]
[445.679, 303.686]
[445.941, 303.428]
[446.201, 303.430]
[446.461, 303.433]
[446.722, 303.175]
[446.984, 302.917]
[447.244, 302.920]
[447.506, 302.402]
[447.768, 302.145]
[448.030, 301.627]
[448.294, 300.590]
[448.555, 300.333]
[448.817, 300.075]
[449.078, 299.817]
[449.340, 299.300]
[449.601, 299.042]
[449.864, 298.525]
[450.125, 298.267]
[450.386, 298.010]
[450.648, 297.752]
[450.908, 297.754]
[451.169, 297.497]
[451.429, 297.499]
[451.691, 297.241]
[451.952, 296.984]
[452.212, 296.986]
[452.474, 296.728]
[452.735, 296.471]
[452.996, 296.213]
[453.257, 295.956]
[453.519, 295.698]
[453.779, 295.700]
[454.040, 295.442]
[454.301, 295.445]
[454.561, 295.447]
[454.821, 295.449]
[455.082, 295.451]
[455.342, 295.453]
[455.602, 295.455]
[455.862, 295.458]
[456.123, 295.460]
[456.382, 295.722]
[456.641, 295.984]
[456.902, 295.986]
[457.161, 296.248]
[457.420, 296.510]
[457.681, 296.512]
[457.941, 296.514]
[458.201, 296.516]
[458.462, 296.518]
[458.721, 296.780]
[458.982, 296.523]
[459.243, 296.525]
[459.503, 296.527]
[459.763, 296.529]
[460.023, 296.531]
[460.285, 296.274]
[460.546, 296.016]
[460.806, 296.018]
[461.068, 295.761]
[461.329, 295.503]
[461.590, 295.246]
[461.852, 294.988]
[462.113, 294.730]
[462.373, 294.733]
[462.635, 294.215]
[462.897, 293.958]
[463.159, 293.440]
[463.423, 292.403]
[463.684, 292.146]
[463.946, 291.888]
[464.206, 291.890]
[464.467, 291.633]
[464.729, 291.375]
[464.989, 291.377]
[465.250, 291.120]
[465.510, 291.122]
[465.771, 291.124]
[466.032, 290.866]
[466.292, 290.868]
[466.553, 290.871]
[466.813, 290.873]
[467.072, 291.135]
[467.333, 291.137]
[467.593, 291.139]
[467.853, 291.141]
[468.114, 291.143]
[468.374, 291.146]
[468.634, 291.148]
[468.894, 291.150]
[469.155, 291.152]
[469.415, 291.154]
[469.674, 291.416]
[469.935, 291.418]
[470.195, 291.421]
[470.454, 291.682]
[470.715, 291.685]
[470.975, 291.687]
[471.234, 291.949]
[471.494, 292.211]
[471.753, 292.473]
[472.012, 292.735]
[472.273, 292.737]
[472.532, 292.999]
[472.791, 293.261]
[473.051, 293.523]
[473.310, 293.785]
[473.569, 294.047]
[473.828, 294.568]
[474.088, 294.570]
[474.347, 294.832]
[474.607, 295.094]
[474.867, 295.096]
[475.127, 295.099]
[475.387, 295.101]
[475.648, 295.103]
[475.907, 295.365]
[476.167, 295.367]
[476.428, 295.369]
[476.689, 295.112]
[476.949, 295.114]
[477.210, 295.116]
[477.470, 295.118]
[477.730, 295.120]
[477.991, 294.863]
[478.252, 294.865]
[478.513, 294.607]
[478.773, 294.609]
[479.035, 294.352]
[479.296, 294.094]
[479.556, 294.096]
[479.818, 293.839]
[480.078, 293.841]
[480.339, 293.583]
[480.599, 293.586]
[480.860, 293.588]
[481.120, 293.590]
[481.380, 293.592]
[481.642, 293.334]
[481.902, 293.337]
[482.161, 293.599]
[482.422, 293.601]
[482.682, 293.603]
[482.942, 293.605]
[483.203, 293.607]
[483.462, 293.869]
[483.723, 293.612]
[483.982, 293.874]
[484.242, 294.136]
[484.501, 294.397]
[484.760, 294.659]
[485.020, 294.921]
[485.279, 295.183]
[485.538, 295.445]
[485.798, 295.707]
[486.057, 295.969]
[486.316, 296.231]
[486.576, 296.493]
[486.835, 296.755]
[487.095, 296.757]
[487.355, 297.019]
[487.614, 297.281]
[487.874, 297.283]
[488.134, 297.545]
[488.393, 297.807]
[488.651, 298.329]
[488.911, 298.591]
[489.169, 299.113]
[489.429, 299.115]
[489.689, 299.377]
[489.948, 299.639]
[490.208, 299.641]
[490.468, 299.903]
[490.727, 300.165]
[490.986, 300.427]
[491.246, 300.689]
[491.505, 300.951]
[491.764, 301.212]
[492.024, 301.474]
[492.283, 301.736]
[492.543, 301.739]
[492.803, 302.000]
[493.062, 302.262]
[493.321, 302.524]
[493.582, 302.527]
[493.841, 302.789]
[494.100, 303.050]
[494.361, 303.053]
[494.621, 303.055]
[494.880, 303.317]
[495.140, 303.319]
[495.401, 303.321]
[495.661, 303.323]
[495.921, 303.325]
[496.181, 303.587]
[496.441, 303.590]
[496.701, 303.592]
[496.962, 303.594]
[497.221, 303.856]
[497.480, 304.118]
[497.740, 304.380]
[497.999, 304.642]
[498.259, 304.644]
[498.519, 304.906]
[498.778, 305.168]
[499.038, 305.170]
[499.298, 305.432]
[499.558, 305.434]
[499.818, 305.436]
[500.078, 305.438]
[500.339, 305.441]
[500.598, 305.703]
[500.858, 305.705]
[501.119, 305.707]
[501.379, 305.709]
[501.639, 305.711]
[501.900, 305.713]
[502.161, 305.456]
[502.421, 305.458]
[502.681, 305.460]
[502.942, 305.462]
[503.202, 305.464]
[503.463, 305.207]
[503.725, 304.949]
[503.985, 304.951]
[504.246, 304.694]
[504.507, 304.696]
[504.768, 304.438]
[505.029, 304.181]
[505.289, 304.183]
[505.551, 303.925]
[505.812, 303.668]
[506.072, 303.670]
[506.334, 303.412]
[506.594, 303.414]
[506.854, 303.417]
[507.116, 303.159]
[507.376, 303.161]
[507.637, 302.904]
[507.897, 302.906]
[508.158, 302.908]
[508.418, 302.910]
[508.678, 302.912]
[508.940, 302.655]
[509.201, 302.397]
[509.461, 302.399]
[509.723, 302.142]
[509.983, 302.144]
[510.243, 302.146]
[510.503, 302.148]
[510.764, 302.150]
[511.025, 301.893]
[511.285, 301.895]
[511.546, 301.897]
[511.806, 301.899]
[512.066, 301.901]
[512.328, 301.644]
[512.589, 301.386]
[512.849, 301.388]
[513.111, 300.871]
[513.373, 300.613]
[513.635, 300.096]
[513.899, 299.059]
[514.160, 298.801]
[514.422, 298.544]
[514.682, 298.546]
[514.942, 298.548]
[515.204, 298.290]
[515.465, 298.033]
[515.725, 298.035]
[515.987, 297.518]
[516.249, 297.260]
[516.510, 297.002]
[516.772, 296.485]
[517.034, 296.227]
[517.295, 295.970]
[517.557, 295.452]
[517.818, 295.195]
[518.080, 294.937]
[518.341, 294.680]
[518.602, 294.422]
[518.864, 294.164]
[519.125, 293.907]
[519.386, 293.649]
[519.646, 293.651]
[519.907, 293.654]
[520.168, 293.396]
[520.428, 293.398]
[520.689, 293.400]
[520.950, 293.143]
[521.210, 293.145]
[521.471, 292.887]
[521.732, 292.889]
[521.993, 292.632]
[522.253, 292.634]
[522.514, 292.636]
[522.774, 292.638]
[523.034, 292.640]
[523.295, 292.643]
[523.554, 292.905]
[523.814, 292.907]
[524.075, 292.909]
[524.335, 292.911]
[524.595, 292.913]
[524.854, 293.175]
[525.115, 293.177]
[525.376, 292.920]
[525.636, 292.922]
[525.897, 292.924]
[526.157, 292.926]
[526.417, 292.928]
[526.679, 292.671]
[526.940, 292.413]
[527.200, 292.415]
[527.461, 292.158]
[527.723, 291.900]
[527.984, 291.643]
[528.245, 291.385]
[528.508, 290.868]
[528.769, 290.610]
[529.030, 290.352]
[529.291, 290.095]
[529.553, 289.837]
[529.813, 289.839]
[530.074, 289.582]
[530.336, 289.324]
[530.596, 289.326]
[530.857, 289.069]
[531.118, 288.811]
[531.380, 288.553]
[531.641, 288.296]
[531.902, 288.038]
[532.164, 287.781]
[532.423, 288.043]
[532.683, 288.045]
[532.944, 288.047]
[533.204, 288.049]
[533.464, 288.051]
[533.724, 288.053]
[533.985, 288.056]
[534.245, 288.058]
[534.505, 288.060]
[534.767, 287.802]
[535.027, 287.804]
[535.287, 287.807]
[535.548, 287.809]
[535.807, 288.071]
[536.067, 288.073]
[536.328, 288.075]
[536.588, 288.077]
[536.847, 288.339]
[537.107, 288.341]
[537.367, 288.603]
[537.626, 288.865]
[537.886, 288.867]
[538.147, 288.870]
[538.406, 289.132]
[538.665, 289.393]
[538.925, 289.655]
[539.184, 289.917]
[539.442, 290.439]
[539.702, 290.701]
[539.961, 290.963]
[540.220, 291.225]
[540.481, 291.227]
[540.740, 291.489]
[540.999, 291.751]
[541.260, 291.753]
[541.520, 291.755]
[541.780, 291.758]
[542.041, 291.760]
[542.300, 292.022]
[542.560, 292.024]
[542.821, 291.766]
[543.082, 291.768]
[543.342, 291.771]
[543.602, 291.773]
[543.863, 291.775]
[544.124, 291.517]
[544.385, 291.260]
[544.646, 291.262]
[544.907, 291.004]
[545.168, 290.747]
[545.428, 290.749]
[545.689, 290.751]
[545.949, 290.753]
[546.209, 290.755]
[546.469, 291.017]
[546.729, 291.019]
[546.989, 291.022]
[547.250, 291.024]
[547.510, 291.026]
[547.771, 290.768]
[548.032, 290.771]
[548.292, 290.773]
[548.552, 290.775]
[548.812, 290.777]
[549.073, 290.779]
[549.334, 290.522]
[549.594, 290.524]
[549.855, 290.526]
[550.115, 290.528]
[550.374, 290.790]
[550.634, 291.052]
[550.892, 291.574]
[551.151, 291.836]
[551.410, 292.357]
[551.670, 292.360]
[551.929, 292.622]
[552.189, 292.883]
[552.448, 293.145]
[552.704, 294.187]
[552.963, 294.708]
[553.222, 294.970]
[553.480, 295.492]
[553.740, 295.754]
[553.999, 296.016]
[554.257, 296.538]
[554.517, 296.800]
[554.775, 297.321]
[555.034, 297.583]
[555.295, 297.586]
[555.554, 297.848]
[555.813, 298.109]
[556.074, 298.112]
[556.333, 298.374]
[556.593, 298.376]
[556.854, 298.378]
[557.114, 298.380]
[557.374, 298.382]
[557.634, 298.644]
[557.894, 298.646]
[558.155, 298.389]
[558.415, 298.391]
[558.676, 298.393]
[558.935, 298.655]
[559.194, 298.917]
[559.454, 299.179]
[559.713, 299.441]
[559.972, 299.703]
[560.233, 299.705]
[560.492, 299.967]
[560.751, 300.229]
[561.011, 300.491]
[561.271, 300.493]
[561.530, 300.755]
[561.790, 301.017]
[562.049, 301.279]
[562.307, 301.801]
[562.567, 302.063]
[562.825, 302.584]
[563.084, 302.846]
[563.345, 302.848]
[563.604, 303.110]
[563.863, 303.372]
[564.124, 303.374]
[564.384, 303.377]
[564.644, 303.379]
[564.905, 303.381]
[565.164, 303.643]
[565.424, 303.645]
[565.685, 303.647]
[565.946, 303.390]
[566.206, 303.392]
[566.466, 303.394]
[566.727, 303.396]
[566.987, 303.398]
[567.248, 303.141]
[567.509, 303.143]
[567.769, 303.145]
[568.030, 302.887]
[568.291, 302.630]
[568.552, 302.632]
[568.813, 302.374]
[569.074, 302.117]
[569.336, 301.859]
[569.597, 301.602]
[569.857, 301.604]
[570.117, 301.606]
[570.379, 301.348]
[570.639, 301.350]
[570.899, 301.353]
[571.160, 301.355]
[571.420, 301.357]
[571.681, 301.099]
[571.942, 301.102]
[572.203, 300.844]
[572.464, 300.586]
[572.724, 300.589]
[572.986, 300.331]
[573.246, 300.333]
[573.506, 300.335]
[573.767, 300.337]
[574.027, 300.340]
[574.288, 300.082]
[574.549, 300.084]
[574.809, 300.086]
[575.069, 300.089]
[575.331, 299.831]
[575.591, 299.833]
[575.852, 299.575]
[576.113, 299.318]
[576.374, 299.320]
[576.635, 299.062]
[576.896, 298.805]
[577.158, 298.547]
[577.419, 298.290]
[577.680, 298.032]
[577.941, 297.774]
[578.203, 297.517]
[578.463, 297.519]
[578.725, 297.002]
[578.987, 296.744]
[579.249, 296.227]
[579.513, 295.190]
[579.774, 294.932]
[580.036, 294.674]
[580.296, 294.677]
[580.557, 294.419]
[580.818, 294.161]
[581.079, 294.163]
[581.341, 293.646]
[581.602, 293.388]
[581.864, 293.131]
[582.125, 292.873]
[582.386, 292.616]
[582.647, 292.358]
[582.908, 292.360]
[583.169, 292.103]
[583.431, 291.585]
[583.693, 291.328]
[583.954, 291.070]
[584.215, 290.812]
[584.476, 290.555]
[584.737, 290.557]
[584.998, 290.299]
[585.259, 290.042]
[585.520, 290.044]
[585.781, 289.786]
[586.041, 289.788]
[586.302, 289.791]
[586.562, 289.793]
[586.822, 289.795]
[587.082, 289.797]
[587.343, 289.799]
[587.602, 290.061]
[587.862, 290.063]
[588.123, 290.066]
[588.382, 290.328]
[588.642, 290.330]
[588.903, 290.332]
[589.163, 290.334]
[589.422, 290.596]
[589.683, 290.598]
[589.943, 290.600]
[590.203, 290.603]
[590.463, 290.605]
[590.723, 290.867]
[590.983, 290.869]
[591.244, 290.611]
[591.505, 290.613]
[591.765, 290.616]
[592.025, 290.618]
[592.286, 290.620]
[592.547, 290.362]
[592.808, 290.105]
[593.068, 290.107]
[593.331, 289.589]
[593.592, 289.332]
[593.854, 288.814]
[594.116, 288.557]
[594.378, 288.039]
[594.639, 287.782]
[594.901, 287.264]
[595.163, 287.007]
[595.424, 286.749]
[595.684, 286.751]
[595.945, 286.754]
[596.206, 286.496]
[596.466, 286.498]
[596.727, 286.241]
[596.988, 286.243]
[597.249, 285.985]
[597.509, 285.987]
[597.770, 285.989]
[598.030, 285.992]
[598.290, 285.994]
[598.551, 285.996]
[598.810, 286.258]
[599.069, 286.520]
[599.330, 286.522]
[599.589, 286.784]
[599.848, 287.046]
[600.109, 287.048]
[600.369, 287.050]
[600.628, 287.312]
[600.888, 287.314]
[601.148, 287.576]
[601.408, 287.579]
[601.668, 287.581]
[601.929, 287.583]
[602.189, 287.585]
[602.448, 287.847]
[602.709, 287.849]
[602.969, 287.851]
[603.229, 287.853]
[603.489, 288.115]
[603.748, 288.377]
[604.007, 288.639]
[604.267, 288.901]
[604.527, 288.903]
[604.786, 289.165]
[605.046, 289.427]
[605.306, 289.430]
[605.566, 289.432]
[605.826, 289.434]
[606.087, 289.436]
[606.346, 289.698]
[606.606, 289.700]
[606.867, 289.702]
[607.128, 289.445]
[607.388, 289.447]
[607.649, 289.449]
[607.909, 289.451]
[608.169, 289.453]
[608.430, 289.196]
[608.692, 288.938]
[608.952, 288.940]
[609.213, 288.683]
[609.475, 288.425]
[609.736, 288.168]
[609.996, 288.170]
[610.257, 288.172]
[610.517, 288.174]
[610.778, 287.916]
[611.039, 287.659]
[611.300, 287.661]
[611.561, 287.403]
[611.821, 287.406]
[612.081, 287.667]
[612.340, 287.929]
[612.600, 287.932]
[612.860, 288.194]
[613.119, 288.456]
[613.379, 288.458]
[613.640, 288.460]
[613.899, 288.722]
[614.158, 288.984]
[614.418, 289.246]
[614.677, 289.508]
[614.936, 289.770]
[615.195, 290.032]
[615.455, 290.293]
[615.714, 290.555]
[615.973, 291.077]
[616.232, 291.339]
[616.492, 291.341]
[616.751, 291.603]
[617.011, 291.865]
[617.271, 291.867]
[617.531, 291.870]
[617.791, 292.131]
[618.050, 292.393]
[618.307, 293.175]
[618.566, 293.697]
[618.825, 293.959]
[619.083, 294.480]
[619.343, 294.742]
[619.603, 294.744]
[619.862, 295.006]
[620.122, 295.268]
[620.382, 295.271]
[620.641, 295.532]
[620.901, 295.794]
[621.160, 296.056]
[621.419, 296.318]
[621.678, 296.840]
[621.938, 296.842]
[622.197, 297.104]
[622.457, 297.366]
[622.717, 297.368]
[622.977, 297.370]
[623.238, 297.373]
[623.498, 297.375]
[623.757, 297.637]
[624.019, 297.379]
[624.278, 297.641]
[624.538, 297.643]
[624.799, 297.645]
[625.059, 297.648]
[625.319, 297.650]
[625.579, 297.652]
[625.840, 297.654]
[626.100, 297.656]
[626.360, 297.658]
[626.621, 297.661]
[626.881, 297.663]
[627.140, 297.925]
[627.400, 298.187]
[627.659, 298.449]
[627.918, 298.711]
[628.177, 299.232]
[628.437, 299.234]
[628.696, 299.496]
[628.956, 299.758]
[629.216, 299.761]
[629.476, 299.763]
[629.737, 299.765]
[629.996, 300.027]
[630.256, 300.029]
[630.516, 300.291]
[630.775, 300.553]
[631.035, 300.555]
[631.295, 300.557]
[631.556, 300.559]
[631.816, 300.562]
[632.075, 300.824]
[632.336, 300.826]
[632.597, 300.568]
[632.857, 300.570]
[633.118, 300.572]
[633.378, 300.575]
[633.638, 300.577]
[633.899, 300.319]
[634.161, 300.062]
[634.421, 300.064]
[634.682, 299.806]
[634.944, 299.549]
[635.205, 299.291]
[635.465, 299.293]
[635.727, 299.035]
[635.988, 298.778]
[636.248, 298.780]
[636.509, 298.522]
[636.771, 298.265]
[637.032, 298.007]
[637.293, 297.750]
[637.554, 297.752]
[637.815, 297.494]
[638.075, 297.496]
[638.336, 297.239]
[638.597, 297.241]
[638.858, 296.983]
[639.118, 296.985]
[639.379, 296.988]
[639.639, 296.990]
[639.899, 296.992]
[640.160, 296.994]
[640.420, 296.996]
[640.681, 296.739]
[640.941, 296.741]
[641.202, 296.743]
[641.462, 296.745]
[641.722, 296.747]
[641.984, 296.490]
[642.245, 296.232]
[642.505, 296.234]
[642.766, 295.977]
[643.028, 295.719]
[643.289, 295.461]
[643.550, 295.204]
[643.811, 295.206]
[644.072, 294.948]
[644.333, 294.691]
[644.594, 294.693]
[644.856, 294.176]
[645.117, 293.918]
[645.379, 293.401]
[645.645, 292.104]
[645.906, 291.846]
[646.167, 291.589]
[646.428, 291.331]
[646.689, 291.333]
[646.951, 290.816]
[647.212, 290.558]
[647.474, 290.301]
[647.735, 290.043]
[647.996, 289.785]
[648.257, 289.528]
[648.518, 289.530]
[648.778, 289.532]
[649.039, 289.275]
[649.301, 289.017]
[649.561, 289.019]
[649.822, 288.762]
[650.083, 288.504]
[650.345, 288.246]
[650.606, 287.989]
[650.866, 287.991]
[651.128, 287.733]
[651.389, 287.476]
[651.649, 287.478]
[651.910, 287.220]
[652.170, 287.482]
[652.430, 287.484]
[652.690, 287.486]
[652.951, 287.489]
[653.211, 287.491]
[653.471, 287.493]
[653.732, 287.495]
[653.992, 287.497]
[654.252, 287.499]
[654.512, 287.761]
[654.772, 287.764]
[655.031, 288.026]
[655.291, 288.288]
[655.551, 288.290]
[655.811, 288.292]
[656.071, 288.294]
[656.332, 288.296]
[656.591, 288.558]
[656.852, 288.301]
[657.113, 288.303]
[657.373, 288.305]
[657.633, 288.307]
[657.894, 288.309]
[658.155, 288.052]
[658.416, 287.794]
[658.677, 287.796]
[658.938, 287.539]
[659.199, 287.281]
[659.460, 287.023]
[659.722, 286.766]
[659.982, 286.768]
[660.244, 286.251]
[660.505, 285.993]
[660.768, 285.476]
[661.029, 285.218]
[661.291, 284.701]
[661.553, 284.443]
[661.814, 284.185]
[662.075, 283.928]
[662.336, 283.670]
[662.598, 283.412]
[662.859, 283.155]
[663.119, 283.157]
[663.380, 283.159]
[663.640, 283.161]
[663.901, 282.904]
[664.161, 282.906]
[664.422, 282.908]
[664.682, 282.910]
[664.941, 283.172]
[665.202, 283.174]
[665.462, 283.177]
[665.722, 283.179]
[665.983, 283.181]
[666.243, 283.183]
[666.503, 283.185]
[666.764, 283.187]
[667.024, 283.190]
[667.283, 283.452]
[667.543, 283.714]
[667.802, 283.975]
[668.061, 284.237]
[668.321, 284.499]
[668.581, 284.501]
[668.840, 284.763]
[669.099, 285.025]
[669.360, 285.028]
[669.620, 285.030]
[669.879, 285.292]
[670.139, 285.554]
[670.399, 285.556]
[670.658, 285.818]
[670.918, 286.080]
[671.178, 286.082]
[671.437, 286.344]
[671.697, 286.606]
[671.957, 286.608]
[672.217, 286.610]
[672.478, 286.612]
[672.738, 286.614]
[672.997, 286.876]
[673.258, 286.879]
[673.517, 287.141]
[673.777, 287.143]
[674.037, 287.145]
[674.298, 287.147]
[674.558, 287.149]
[674.817, 287.411]
[675.078, 287.413]
[675.339, 287.156]
[675.599, 287.158]
[675.860, 287.160]
[676.120, 287.162]
[676.380, 287.164]
[676.642, 286.907]
[676.902, 286.909]
[677.162, 286.911]
[677.423, 286.654]
[677.685, 286.396]
[677.945, 286.398]
[678.206, 286.140]
[678.467, 286.143]
[678.727, 286.145]
[678.988, 285.887]
[679.249, 285.889]
[679.509, 285.892]
[679.769, 285.894]
[680.029, 285.896]
[680.289, 286.158]
[680.549, 286.160]
[680.808, 286.422]
[681.069, 286.424]
[681.329, 286.426]
[681.589, 286.428]
[681.850, 286.431]
[682.109, 286.693]
[682.368, 286.955]
[682.628, 287.216]
[682.887, 287.478]
[683.145, 288.000]
[683.406, 288.002]
[683.665, 288.264]
[683.924, 288.526]
[684.185, 288.528]
[684.444, 288.790]
[684.704, 288.793]
[684.964, 289.054]
[685.224, 289.057]
[685.484, 289.059]
[685.744, 289.061]
[686.005, 289.063]
[686.264, 289.325]
[686.523, 289.587]
[686.780, 290.628]
[687.038, 291.150]
[687.297, 291.412]
[687.556, 291.934]
[687.816, 291.936]
[688.076, 292.198]
[688.335, 292.460]
[688.594, 292.722]
[688.853, 292.984]
[689.113, 293.246]
[689.372, 293.508]
[689.630, 294.029]
[689.890, 294.291]
[690.149, 294.553]
[690.409, 294.555]
[690.669, 294.817]
[690.928, 295.079]
[691.188, 295.081]
[691.448, 295.343]
[691.708, 295.346]
[691.967, 295.608]
[692.228, 295.610]
[692.488, 295.612]
[692.747, 295.874]
[693.008, 295.876]
[693.268, 295.878]
[693.528, 295.880]
[693.789, 295.883]
[694.048, 296.144]
[694.308, 296.147]
[694.568, 296.409]
[694.828, 296.411]
[695.088, 296.413]
[695.347, 296.675]
[695.607, 296.937]
[695.866, 297.199]
[696.125, 297.461]
[696.386, 297.463]
[696.645, 297.725]
[696.904, 297.987]
[697.165, 297.989]
[697.424, 298.251]
[697.684, 298.253]
[697.944, 298.515]
[698.204, 298.517]
[698.464, 298.519]
[698.725, 298.522]
[698.985, 298.524]
[699.244, 298.786]
[699.505, 298.528]
[699.766, 298.530]
[700.026, 298.532]
[700.286, 298.535]
[700.547, 298.537]
[700.808, 298.279]
[701.068, 298.281]
[701.329, 298.283]
[701.590, 298.026]
[701.851, 297.768]
[702.112, 297.770]
[702.373, 297.513]
[702.634, 297.255]
[702.895, 296.998]
[703.156, 297.000]
[703.416, 297.002]
[703.676, 297.004]
[703.938, 296.746]
[704.198, 296.749]
[704.459, 296.491]
[704.719, 296.493]
[704.980, 296.495]
[705.241, 296.238]
[705.501, 296.240]
[705.763, 295.982]
[706.023, 295.984]
[706.283, 295.987]
[706.544, 295.989]
[706.805, 295.731]
[707.066, 295.474]
[707.326, 295.476]
[707.588, 295.218]
[707.848, 295.220]
[708.108, 295.223]
[708.369, 295.225]
[708.630, 294.967]
[708.890, 294.969]
[709.151, 294.971]
[709.411, 294.974]
[709.671, 294.976]
[709.932, 294.718]
[710.194, 294.461]
[710.454, 294.463]
[710.715, 294.205]
[710.978, 293.688]
[711.239, 293.430]
[711.501, 292.913]
[711.764, 292.136]
[712.026, 291.878]
[712.287, 291.620]
[712.547, 291.623]
[712.808, 291.625]
[713.069, 291.367]
[713.330, 291.109]
[713.590, 291.112]
[713.852, 290.854]
[714.114, 290.337]
[714.375, 290.079]
[714.638, 289.562]
[714.899, 289.304]
[715.160, 289.046]
[715.421, 288.789]
[715.682, 288.791]
[715.943, 288.533]
[716.204, 288.276]
[716.466, 288.018]
[716.727, 287.761]
[716.988, 287.503]
[717.249, 287.245]
[717.511, 286.988]
[717.772, 286.730]
[718.032, 286.732]
[718.294, 286.475]
[718.554, 286.477]
[718.814, 286.479]
[719.074, 286.481]
[719.336, 286.224]
[719.597, 285.966]
[719.857, 285.968]
[720.119, 285.711]
[720.379, 285.713]
[720.638, 285.975]
[720.899, 285.977]
[721.159, 285.979]
[721.419, 285.981]
[721.679, 285.983]
[721.939, 286.245]
[722.199, 286.247]
[722.459, 286.250]
[722.720, 286.252]
[722.980, 286.254]
[723.239, 286.516]
[723.501, 286.258]
[723.761, 286.260]
[724.021, 286.263]
[724.282, 286.265]
[724.542, 286.267]
[724.803, 286.009]
[725.064, 285.752]
[725.325, 285.754]
[725.586, 285.496]
[725.847, 285.239]
[726.109, 284.981]
[726.369, 284.983]
[726.630, 284.726]
[726.891, 284.468]
[727.154, 283.951]
[727.415, 283.693]
[727.677, 283.176]
[727.939, 282.918]
[728.200, 282.660]
[728.461, 282.403]
[728.721, 282.405]
[728.983, 282.147]
[729.243, 282.150]
[729.503, 282.152]
[729.765, 281.894]
[730.026, 281.637]
[730.286, 281.639]
[730.547, 281.381]
[730.809, 281.124]
[731.068, 281.385]
[731.328, 281.388]
[731.589, 281.390]
[731.849, 281.392]
[732.109, 281.394]
[732.369, 281.656]
[732.630, 281.398]
[732.890, 281.401]
[733.151, 281.403]
[733.411, 281.405]
[733.671, 281.407]
[733.931, 281.409]
[734.192, 281.411]
[734.451, 281.673]
[734.711, 281.676]
[734.972, 281.678]
[735.231, 281.940]
[735.491, 281.942]
[735.751, 282.204]
[736.010, 282.466]
[736.270, 282.468]
[736.531, 282.470]
[736.790, 282.732]
[737.049, 282.994]
[737.309, 283.256]
[737.568, 283.518]
[737.827, 283.780]
[738.087, 284.042]
[738.346, 284.304]
[738.605, 284.566]
[738.866, 284.568]
[739.125, 284.830]
[739.384, 285.092]
[739.645, 285.094]
[739.904, 285.356]
[740.164, 285.358]
[740.424, 285.360]
[740.685, 285.362]
[740.945, 285.365]
[741.204, 285.627]
[741.465, 285.629]
[741.726, 285.371]
[741.986, 285.373]
[742.247, 285.375]
[742.507, 285.378]
[742.767, 285.380]
[743.029, 285.122]
[743.290, 284.865]
[743.550, 284.867]
[743.811, 284.609]
[744.072, 284.611]
[744.332, 284.613]
[744.592, 284.616]
[744.854, 284.358]
[745.113, 284.620]
[745.373, 284.622]
[745.634, 284.624]
[745.894, 284.626]
[746.154, 284.629]
[746.414, 284.631]
[746.675, 284.633]
[746.935, 284.635]
[747.195, 284.637]
[747.456, 284.639]
[747.716, 284.642]
[747.977, 284.384]
[748.238, 284.386]
[748.498, 284.388]
[748.758, 284.391]
[749.018, 284.653]
[749.277, 284.914]
[749.534, 285.696]
[749.793, 286.218]
[750.052, 286.480]
[750.310, 287.001]
[750.570, 287.263]
[750.828, 287.785]
[751.086, 288.307]
[751.346, 288.569]
[751.604, 289.090]
[751.864, 289.093]
[752.124, 289.355]
[752.383, 289.617]
[752.642, 289.878]
[752.901, 290.400]
[753.159, 290.922]
[753.418, 291.184]
[753.677, 291.706]
[753.936, 291.968]
[754.195, 292.230]
[754.455, 292.491]
[754.715, 292.494]
[754.974, 292.756]
[755.234, 293.018]
[755.494, 293.020]
[755.754, 293.022]
[756.015, 293.024]
[756.275, 293.026]
[756.534, 293.288]
[756.795, 293.031]
[757.056, 293.033]
[757.316, 293.035]
[757.575, 293.297]
[757.836, 293.299]
[758.095, 293.561]
[758.354, 293.823]
[758.615, 293.825]
[758.874, 294.087]
[759.133, 294.349]
[759.394, 294.351]
[759.653, 294.613]
[759.912, 294.875]
[760.172, 295.137]
[760.430, 295.659]
[760.689, 295.921]
[760.948, 296.442]
[761.207, 296.704]
[761.467, 296.707]
[761.727, 296.968]
[761.986, 297.230]
[762.246, 297.233]
[762.507, 297.235]
[762.767, 297.237]
[763.027, 297.239]
[763.286, 297.501]
[763.547, 297.503]
[763.807, 297.505]
[764.068, 297.248]
[764.329, 297.250]
[764.589, 297.252]
[764.849, 297.254]
[765.110, 297.256]
[765.371, 296.999]
[765.632, 296.741]
[765.892, 296.743]
[766.154, 296.486]
[766.414, 296.488]
[766.674, 296.490]
[766.935, 296.492]
[767.195, 296.494]
[767.456, 296.237]
[767.717, 296.239]
[767.978, 295.981]
[768.239, 295.724]
[768.499, 295.726]
[768.761, 295.468]
[769.022, 295.211]
[769.283, 294.953]
[769.545, 294.696]
[769.805, 294.698]
[770.065, 294.700]
[770.326, 294.442]
[770.588, 294.185]
[770.848, 294.187]
[771.109, 293.929]
[771.370, 293.931]
[771.630, 293.934]
[771.891, 293.676]
[772.152, 293.678]
[772.413, 293.421]
[772.673, 293.423]
[772.933, 293.425]
[773.193, 293.687]
[773.452, 293.949]
[773.711, 294.211]
[773.971, 294.473]
[774.230, 294.735]
[774.490, 294.737]
[774.750, 294.999]
[775.009, 295.261]
[775.269, 295.263]
[775.530, 295.265]
[775.790, 295.267]
[776.050, 295.269]
[776.310, 295.531]
[776.571, 295.274]
[776.831, 295.276]
[777.091, 295.278]
[777.352, 295.280]
[777.612, 295.282]
[777.873, 295.025]
[778.135, 294.767]
[778.395, 294.769]
[778.656, 294.512]
[778.919, 293.994]
[779.180, 293.737]
[779.442, 293.219]
[779.726, 286.987]
[779.986, 286.989]
[780.247, 286.731]
[780.509, 286.474]
[780.770, 286.216]
[781.030, 286.218]
[781.292, 285.961]
[781.553, 285.703]
[781.814, 285.446]
[782.076, 285.188]
[782.337, 284.930]
[782.598, 284.673]
[782.859, 284.415]
[783.120, 284.417]
[783.381, 284.160]
[783.641, 284.162]
[783.902, 284.164]
[784.163, 283.906]
[784.423, 283.909]
[784.684, 283.651]
[784.945, 283.653]
[785.205, 283.655]
[785.465, 283.657]
[785.725, 283.919]
[785.985, 283.922]
[786.245, 283.924]
[786.506, 283.926]
[786.766, 283.928]
[787.025, 284.190]
[787.286, 283.932]
[787.546, 284.194]
[787.806, 284.197]
[788.065, 284.458]
[788.326, 284.461]
[788.586, 284.463]
[788.846, 284.465]
[789.107, 284.467]
[789.366, 284.729]
[789.626, 284.731]
[789.888, 284.474]
[790.148, 284.476]
[790.408, 284.478]
[790.669, 284.480]
[790.929, 284.482]
[791.190, 284.225]
[791.451, 283.967]
[791.712, 283.969]
[791.974, 283.452]
[792.235, 283.194]
[792.497, 282.677]
[792.759, 282.419]
[793.021, 281.902]
[793.282, 281.644]
[793.545, 281.127]
[793.806, 280.869]
[794.067, 280.612]
[794.327, 280.614]
[794.588, 280.616]
[794.849, 280.358]
[795.109, 280.361]
[795.370, 280.363]
[795.631, 280.105]
[795.892, 279.848]
[796.153, 279.850]
[796.414, 279.592]
[796.673, 279.854]
[796.933, 279.856]
[797.193, 280.118]
[797.453, 280.120]
[797.713, 280.123]
[797.973, 280.384]
[798.233, 280.387]
[798.492, 280.649]
[798.752, 280.911]
[799.012, 280.913]
[799.272, 280.915]
[799.533, 280.917]
[799.792, 281.179]
[800.052, 281.181]
[800.312, 281.443]
[800.571, 281.705]
[800.831, 281.707]
[801.092, 281.709]
[801.352, 281.712]
[801.611, 281.974]
[801.871, 281.976]
[802.131, 282.238]
[802.391, 282.240]
[802.651, 282.242]
[802.912, 282.244]
[803.172, 282.246]
[803.431, 282.508]
[803.691, 282.770]
[803.950, 283.032]
[804.210, 283.034]
[804.470, 283.296]
[804.729, 283.558]
[804.989, 283.560]
[805.250, 283.563]
[805.510, 283.565]
[805.770, 283.567]
[806.030, 283.829]
[806.291, 283.571]
[806.551, 283.573]
[806.811, 283.576]
[807.072, 283.578]
[807.332, 283.580]
[807.593, 283.322]
[807.855, 283.065]
[808.115, 283.067]
[808.376, 282.809]
[808.638, 282.552]
[808.899, 282.294]
[809.159, 282.296]
[809.418, 282.558]
[809.679, 282.560]
[809.939, 282.563]
[810.199, 282.565]
[810.460, 282.567]
[810.720, 282.569]
[810.980, 282.571]
[811.241, 282.573]
[811.501, 282.576]
[811.761, 282.578]
[812.021, 282.580]
[812.282, 282.582]
[812.542, 282.584]
[812.801, 282.846]
[813.062, 282.848]
[813.321, 283.110]
[813.580, 283.372]
[813.841, 283.374]
[814.100, 283.636]
[814.359, 283.898]
[814.618, 284.420]
[814.877, 284.682]
[815.135, 285.204]
[815.395, 285.466]
[815.654, 285.728]
[815.913, 285.990]
[816.173, 286.252]
[816.432, 286.513]
[816.690, 287.035]
[816.949, 287.557]
[817.208, 287.819]
[817.466, 288.341]
[817.727, 288.343]
[817.986, 288.605]
[818.245, 288.867]
[818.506, 288.869]
[818.765, 289.131]
[819.024, 289.393]
[819.284, 289.655]
[819.543, 289.917]
[819.801, 290.438]
[820.062, 290.441]
[820.321, 290.703]
[820.580, 290.964]
[820.841, 290.967]
[821.101, 290.969]
[821.361, 290.971]
[821.622, 290.973]
[821.881, 291.235]
[822.141, 291.237]
[822.401, 291.239]
[822.662, 291.242]
[822.922, 291.244]
[823.182, 291.246]
[823.443, 291.248]
[823.703, 291.250]
[823.962, 291.512]
[824.223, 291.514]
[824.482, 291.776]
[824.742, 291.779]
[825.003, 291.781]
[825.262, 292.043]
[825.521, 292.305]
[825.781, 292.567]
[826.040, 292.828]
[826.299, 293.090]
[826.560, 293.093]
[826.819, 293.355]
[827.078, 293.617]
[827.339, 293.619]
[827.599, 293.621]
[827.858, 293.883]
[828.118, 293.885]
[828.378, 294.147]
[828.638, 294.149]
[828.898, 294.151]
[829.159, 294.153]
[829.419, 294.156]
[829.678, 294.418]
[829.939, 294.420]
[830.199, 294.422]
[830.460, 294.164]
[830.721, 294.166]
[830.981, 294.169]
[831.241, 294.171]
[831.501, 294.173]
[831.763, 293.915]
[832.024, 293.658]
[832.284, 293.660]
[832.546, 293.402]
[832.807, 293.145]
[833.068, 292.887]
[833.328, 292.889]
[833.590, 292.632]
[833.850, 292.634]
[834.111, 292.376]
[834.372, 292.378]
[834.633, 292.121]
[834.894, 291.863]
[835.155, 291.865]
[835.416, 291.608]
[835.677, 291.350]
[835.938, 291.092]
[836.199, 291.095]
[836.460, 290.837]
[836.720, 290.839]
[836.982, 290.582]
[837.242, 290.584]
[837.503, 290.326]
[837.763, 290.328]
[838.024, 290.331]
[838.284, 290.333]
[838.544, 290.335]
[838.806, 290.077]
[839.066, 290.079]
[839.327, 289.822]
[839.589, 289.564]
[839.849, 289.566]
[840.110, 289.309]
[840.371, 289.051]
[840.633, 288.794]
[840.894, 288.536]
[841.155, 288.278]
[841.416, 288.281]
[841.676, 288.283]
[841.937, 288.025]
[842.198, 287.767]
[842.459, 287.770]
[842.721, 287.252]
[842.982, 286.995]
[843.245, 286.477]
[843.507, 285.960]
[843.768, 285.702]
[844.030, 285.185]
[844.292, 284.927]
[844.553, 284.670]
[844.814, 284.412]
[845.076, 284.154]
[845.338, 283.637]
[845.599, 283.379]
[845.860, 283.122]
[846.122, 282.864]
[846.383, 282.607]
[846.643, 282.609]
[846.904, 282.351]
[847.166, 282.094]
[847.426, 282.096]
[847.687, 281.838]
[847.949, 281.581]
[848.210, 281.323]
[848.471, 281.065]
[848.733, 280.808]
[848.994, 280.550]
[849.255, 280.292]
[849.514, 280.554]
[849.775, 280.557]
[850.035, 280.559]
[850.295, 280.561]
[850.556, 280.563]
[850.816, 280.565]
[851.076, 280.567]
[851.337, 280.570]
[851.597, 280.572]
[851.857, 280.574]
[852.117, 280.576]
[852.377, 280.838]
[852.637, 280.840]
[852.896, 281.102]
[853.156, 281.364]
[853.416, 281.366]
[853.676, 281.368]
[853.937, 281.371]
[854.197, 281.373]
[854.456, 281.635]
[854.718, 281.377]
[854.978, 281.379]
[855.238, 281.382]
[855.499, 281.384]
[855.759, 281.386]
[856.020, 281.128]
[856.281, 280.871]
[856.542, 280.873]
[856.803, 280.615]
[857.064, 280.358]
[857.326, 280.100]
[857.587, 279.842]
[857.848, 279.585]
[858.108, 279.587]
[858.371, 279.070]
[858.632, 278.812]
[858.894, 278.295]
[859.156, 278.037]
[859.417, 277.779]
[859.678, 277.522]
[859.940, 277.004]
[860.202, 276.747]
[860.463, 276.489]
[860.724, 276.232]
[860.985, 275.974]
[861.246, 275.976]
[861.506, 275.978]
[861.765, 276.240]
[862.026, 276.242]
[862.286, 276.245]
[862.546, 276.247]
[862.807, 276.249]
[863.068, 275.991]
[863.328, 275.993]
[863.589, 275.996]
[863.849, 275.998]
[864.109, 276.000]
[864.370, 276.002]
[864.630, 276.004]
[864.890, 276.006]
[865.149, 276.268]
[865.409, 276.530]
[865.668, 276.792]
[865.927, 277.054]
[866.187, 277.316]
[866.447, 277.318]
[866.706, 277.580]
[866.966, 277.842]
[867.226, 277.844]
[867.485, 278.106]
[867.746, 278.109]
[868.005, 278.370]
[868.264, 278.632]
[868.525, 278.635]
[868.784, 278.897]
[869.044, 278.899]
[869.304, 279.161]
[869.563, 279.423]
[869.823, 279.425]
[870.083, 279.427]
[870.344, 279.429]
[870.604, 279.431]
[870.863, 279.693]
[871.124, 279.695]
[871.383, 279.957]
[871.643, 279.960]
[871.904, 279.962]
[872.164, 279.964]
[872.424, 279.966]
[872.684, 280.228]
[872.944, 280.230]
[873.205, 279.973]
[873.466, 279.975]
[873.726, 279.977]
[873.986, 279.979]
[874.246, 279.981]
[874.508, 279.724]
[874.768, 279.726]
[875.028, 279.728]
[875.290, 279.470]
[875.551, 279.213]
[875.811, 279.215]
[876.073, 278.957]
[876.334, 278.700]
[876.594, 278.702]
[876.854, 278.704]
[877.115, 278.706]
[877.375, 278.708]
[877.636, 278.451]
[877.896, 278.713]
[878.156, 278.715]
[878.416, 278.717]
[878.676, 278.979]
[878.936, 278.981]
[879.196, 278.983]
[879.456, 278.986]
[879.717, 278.988]
[879.976, 279.250]
[880.235, 279.512]
[880.494, 280.033]
[880.753, 280.295]
[881.012, 280.817]
[881.272, 280.819]
[881.531, 281.081]
[881.790, 281.343]
[882.050, 281.605]
[882.310, 281.607]
[882.569, 281.869]
[882.829, 282.131]
[883.089, 282.133]
[883.349, 282.135]
[883.610, 282.138]
[883.870, 282.140]
[884.129, 282.402]
[884.389, 282.664]
[884.646, 283.445]
[884.904, 283.967]
[885.164, 284.229]
[885.422, 284.751]
[885.682, 284.753]
[885.942, 285.015]
[886.201, 285.277]
[886.460, 285.539]
[886.720, 285.801]
[886.979, 286.063]
[887.238, 286.324]
[887.498, 286.586]
[887.757, 286.848]
[888.016, 287.110]
[888.277, 287.112]
[888.536, 287.374]
[888.795, 287.636]
[889.056, 287.639]
[889.315, 287.900]
[889.574, 288.162]
[889.835, 288.165]
[890.095, 288.167]
[890.355, 288.169]
[890.615, 288.431]
[890.875, 288.433]
[891.135, 288.435]
[891.395, 288.437]
[891.656, 288.440]
[891.915, 288.702]
[892.175, 288.704]
[892.436, 288.706]
[892.696, 288.708]
[892.955, 288.970]
[893.215, 289.232]
[893.474, 289.494]
[893.733, 289.756]
[893.993, 290.018]
[894.253, 290.020]
[894.512, 290.282]
[894.772, 290.544]
[895.032, 290.546]
[895.291, 290.808]
[895.552, 290.810]
[895.812, 290.812]
[896.072, 290.814]
[896.332, 290.817]
[896.592, 291.079]
[896.853, 290.821]
[897.113, 290.823]
[897.374, 290.825]
[897.634, 290.827]
[897.894, 290.830]
[898.156, 290.572]
[898.416, 290.574]
[898.676, 290.576]
[898.937, 290.319]
[899.199, 290.061]
[899.459, 290.063]
[899.720, 289.806]
[899.981, 289.808]
[900.242, 289.550]
[900.503, 289.293]
[900.763, 289.295]
[901.025, 289.037]
[901.286, 288.780]
[901.547, 288.522]
[901.808, 288.524]
[902.068, 288.526]
[902.329, 288.269]
[902.590, 288.271]
[902.851, 288.013]
[903.111, 288.016]
[903.371, 288.018]
[903.632, 288.020]
[903.892, 288.022]
[904.153, 287.764]
[904.415, 287.507]
[904.675, 287.509]
[904.936, 287.251]
[905.197, 287.254]
[905.457, 287.256]
[905.718, 286.998]
[905.978, 287.000]
[906.239, 287.002]
[906.499, 287.005]
[906.759, 287.007]
[907.021, 286.749]
[907.282, 286.492]
[907.542, 286.494]
[907.804, 286.236]
[908.066, 285.719]
[908.327, 285.461]
[908.589, 284.944]
[908.855, 283.647]
[909.116, 283.389]
[909.377, 283.132]
[909.637, 283.134]
[909.899, 282.876]
[910.160, 282.619]
[910.420, 282.621]
[910.682, 282.363]
[910.943, 282.106]
[911.205, 281.588]
[911.466, 281.331]
[911.728, 281.073]
[911.989, 280.815]
[912.250, 280.558]
[912.512, 280.300]
[912.772, 280.302]
[913.033, 280.045]
[913.294, 279.787]
[913.556, 279.530]
[913.817, 279.272]
[914.078, 279.014]
[914.340, 278.757]
[914.601, 278.499]
[914.861, 278.501]
[915.122, 278.244]
[915.383, 278.246]
[915.644, 277.988]
[915.904, 277.990]
[916.166, 277.733]
[916.427, 277.475]
[916.687, 277.477]
[916.948, 277.220]
[917.209, 277.222]
[917.469, 277.224]
[917.728, 277.486]
[917.989, 277.488]
[918.249, 277.490]
[918.509, 277.493]
[918.770, 277.495]
[919.029, 277.757]
[919.289, 277.759]
[919.550, 277.761]
[919.810, 277.763]
[920.070, 277.765]
[920.330, 278.027]
[920.590, 278.030]
[920.851, 277.772]
[921.111, 277.774]
[921.372, 277.776]
[921.632, 277.778]
[921.892, 277.781]
[922.154, 277.523]
[922.415, 277.265]
[922.675, 277.268]
[922.937, 277.010]
[923.198, 276.752]
[923.459, 276.495]
[923.719, 276.497]
[923.982, 275.979]
[924.243, 275.722]
[924.505, 275.204]
[924.767, 274.687]
[925.029, 274.430]
[925.290, 274.172]
[925.551, 273.914]
[925.813, 273.657]
[926.073, 273.659]
[926.334, 273.401]
[926.594, 273.403]
[926.855, 273.406]
[927.116, 273.148]
[927.377, 272.890]
[927.638, 272.893]
[927.899, 272.635]
[928.160, 272.377]
[928.422, 272.120]
[928.682, 272.122]
[928.942, 272.124]
[929.202, 272.126]
[929.463, 272.128]
[929.723, 272.131]
[929.983, 272.133]
[930.244, 272.135]
[930.504, 272.137]
[930.763, 272.399]
[931.024, 272.401]
[931.283, 272.663]
[931.542, 272.925]
[931.803, 272.927]
[932.062, 273.189]
[932.321, 273.451]
[932.581, 273.713]
[932.841, 273.715]
[933.100, 273.977]
[933.359, 274.239]
[933.620, 274.241]
[933.879, 274.503]
[934.138, 274.765]
[934.398, 275.027]
[934.657, 275.289]
[934.916, 275.551]
[935.175, 276.073]
[935.435, 276.075]
[935.694, 276.337]
[935.954, 276.599]
[936.214, 276.601]
[936.474, 276.603]
[936.735, 276.605]
[936.995, 276.608]
[937.254, 276.870]
[937.515, 276.872]
[937.775, 276.874]
[938.035, 276.876]
[938.297, 276.618]
[938.557, 276.621]
[938.817, 276.623]
[939.077, 276.625]
[939.338, 276.627]
[939.599, 276.370]
[939.860, 276.112]
[940.121, 276.114]
[940.382, 275.856]
[940.642, 275.859]
[940.904, 275.601]
[941.164, 275.603]
[941.425, 275.346]
[941.684, 275.608]
[941.945, 275.610]
[942.205, 275.612]
[942.465, 275.614]
[942.726, 275.616]
[942.986, 275.618]
[943.246, 275.621]
[943.507, 275.623]
[943.767, 275.625]
[944.027, 275.627]
[944.287, 275.629]
[944.548, 275.631]
[944.809, 275.374]
[945.068, 275.636]
[945.328, 275.898]
[945.586, 276.419]
[945.845, 276.681]
[946.104, 277.203]
[946.363, 277.465]
[946.622, 277.727]
[946.882, 277.989]
[947.140, 278.511]
[947.398, 279.032]
[947.657, 279.554]
[947.916, 279.816]
[948.174, 280.338]
[948.434, 280.600]
[948.693, 280.862]
[948.953, 281.124]
[949.212, 281.386]
[949.470, 281.907]
[949.729, 282.169]
[949.990, 282.171]
[950.249, 282.433]
[950.508, 282.695]
[950.769, 282.698]
[951.029, 282.700]
[951.289, 282.702]
[951.550, 282.704]
[951.809, 282.966]
[952.069, 282.968]
[952.330, 282.970]
[952.590, 282.972]
[952.850, 282.975]
[953.111, 282.977]
[953.371, 282.979]
[953.631, 282.981]
[953.891, 283.243]
[954.151, 283.245]
[954.410, 283.507]
[954.670, 283.509]
[954.930, 283.771]
[955.190, 283.773]
[955.449, 284.035]
[955.709, 284.297]
[955.969, 284.300]
[956.229, 284.302]
[956.490, 284.304]
[956.750, 284.306]
[957.009, 284.568]
[957.269, 284.830]
[957.528, 285.092]
[957.787, 285.354]
[958.046, 285.876]
[958.306, 285.878]
[958.565, 286.140]
[958.825, 286.402]
[959.085, 286.404]
[959.344, 286.666]
[959.605, 286.668]
[959.865, 286.670]
[960.125, 286.672]
[960.385, 286.674]
[960.645, 286.936]
[960.905, 286.939]
[961.165, 286.941]
[961.426, 286.943]
[961.687, 286.685]
[961.947, 286.688]
[962.208, 286.690]
[962.468, 286.692]
[962.728, 286.694]
[962.990, 286.436]
[963.250, 286.439]
[963.511, 286.181]
[963.771, 286.183]
[964.032, 286.185]
[964.293, 285.928]
[964.553, 285.930]
[964.815, 285.672]
[965.075, 285.674]
[965.336, 285.417]
[965.597, 285.159]
[965.858, 285.161]
[966.119, 284.904]
[966.380, 284.646]
[966.642, 284.389]
[966.903, 284.131]
[967.164, 283.873]
[967.424, 283.876]
[967.685, 283.878]
[967.945, 283.880]
[968.205, 283.882]
[968.467, 283.624]
[968.727, 283.627]
[968.988, 283.369]
[969.249, 283.371]
[969.509, 283.373]
[969.769, 283.375]
[970.030, 283.118]
[970.292, 282.860]
[970.552, 282.862]
[970.813, 282.605]
[971.075, 282.347]
[971.336, 282.090]
[971.597, 281.832]
[971.858, 281.574]
[972.120, 281.317]
[972.380, 281.319]
[972.641, 281.061]
[972.903, 280.804]
[973.163, 280.806]
[973.425, 280.289]
[973.687, 280.031]
[973.949, 279.514]
[974.215, 277.957]
[974.476, 277.699]
[974.737, 277.442]
[974.999, 277.184]
[975.259, 277.186]
[975.520, 276.929]
[975.782, 276.671]
[976.043, 276.414]
[976.304, 276.156]
[976.565, 276.158]
[976.826, 275.900]
[977.088, 275.383]
[977.349, 275.125]
[977.611, 274.868]
[977.872, 274.610]
[978.133, 274.353]
[978.395, 274.095]
[978.656, 273.837]
[978.917, 273.580]
[979.177, 273.582]
[979.439, 273.324]
[979.700, 273.067]
[979.960, 273.069]
[980.222, 272.811]
[980.482, 272.814]
[980.742, 272.816]
[981.003, 272.558]
[981.264, 272.560]
[981.524, 272.562]
[981.784, 272.565]
[982.045, 272.567]
[982.304, 272.829]
[982.564, 272.831]
[982.824, 273.093]
[983.084, 273.095]
[983.344, 273.097]
[983.605, 273.099]
[983.865, 273.102]
[984.124, 273.363]
[984.384, 273.366]
[984.645, 273.368]
[984.906, 273.110]
[985.166, 273.112]
[985.427, 273.115]
[985.687, 273.117]
[985.947, 273.119]
[986.209, 272.861]
[986.470, 272.604]
[986.730, 272.606]
[986.991, 272.348]
[987.253, 272.091]
[987.514, 271.833]
[987.775, 271.575]
[988.037, 271.318]
[988.298, 271.060]
[988.560, 270.543]
[988.821, 270.285]
[989.083, 270.028]
[989.344, 269.770]
[989.605, 269.512]
[989.867, 269.255]
[990.127, 269.257]
[990.388, 268.999]
[990.649, 268.742]
[990.911, 268.484]
[991.171, 268.486]
[991.431, 268.488]
[991.692, 268.491]
[991.952, 268.493]
[992.212, 268.495]
[992.473, 268.497]
[992.733, 268.499]
[992.993, 268.501]
[993.253, 268.504]
[993.514, 268.506]
[993.773, 268.768]
[994.032, 269.030]
[994.292, 269.292]
[994.551, 269.554]
[994.811, 269.556]
[995.071, 269.818]
[995.330, 270.080]
[995.590, 270.082]
[995.850, 270.344]
[996.109, 270.606]
[996.369, 270.608]
[996.630, 270.610]
[996.889, 270.872]
[997.149, 270.874]
[997.410, 270.876]
[997.669, 271.138]
[997.929, 271.140]
[998.190, 271.143]
[998.450, 271.145]
[998.710, 271.147]
[998.969, 271.409]
[999.229, 271.671]
[999.488, 271.933]
[999.748, 271.935]
[1000.008, 272.197]
[1000.267, 272.459]
[1000.527, 272.461]
[1000.788, 272.463]
[1001.048, 272.465]
[1001.308, 272.468]
[1001.568, 272.730]
[1001.828, 272.732]
[1002.089, 272.474]
[1002.350, 272.476]
[1002.610, 272.478]
[1002.870, 272.481]
[1003.130, 272.483]
[1003.392, 272.225]
[1003.653, 271.968]
[1003.913, 271.970]
[1004.175, 271.712]
[1004.436, 271.454]
[1004.696, 271.457]
[1004.957, 271.459]
[1005.217, 271.461]
[1005.476, 271.723]
[1005.736, 271.725]
[1005.997, 271.727]
[1006.257, 271.729]
[1006.517, 271.732]
[1006.778, 271.734]
[1007.038, 271.736]
[1007.298, 271.738]
[1007.559, 271.740]
[1007.819, 271.742]
[1008.078, 272.004]
[1008.338, 272.266]
[1008.598, 272.269]
[1008.857, 272.531]
[1009.117, 272.792]
[1009.377, 272.795]
[1009.636, 273.057]
[1009.896, 273.319]
[1010.154, 273.840]
[1010.413, 274.102]
[1010.672, 274.624]
[1010.931, 274.886]
[1011.190, 275.148]
[1011.450, 275.410]
[1011.708, 275.932]
[1011.966, 276.453]
[1012.225, 276.975]
[1012.484, 277.237]
[1012.742, 277.759]
[1013.002, 278.021]
[1013.261, 278.283]
[1013.521, 278.285]
[1013.781, 278.547]
[1014.040, 278.809]
[1014.300, 278.811]
[1014.560, 279.073]
[1014.819, 279.335]
[1015.078, 279.597]
[1015.339, 279.599]
[1015.598, 279.861]
[1015.857, 280.123]
[1016.117, 280.125]
[1016.378, 280.127]
[1016.638, 280.129]
[1016.898, 280.131]
[1017.158, 280.393]
[1017.418, 280.396]
[1017.678, 280.398]
[1017.939, 280.400]
[1018.199, 280.402]
[1018.458, 280.664]
[1018.720, 280.406]
[1018.980, 280.409]
[1019.240, 280.411]
[1019.500, 280.413]
[1019.761, 280.415]
[1020.022, 280.157]
[1020.282, 280.160]
[1020.543, 280.162]
[1020.802, 280.424]
[1021.061, 280.686]
[1021.318, 281.727]
[1021.576, 282.249]
[1021.835, 282.511]
[1022.094, 283.032]
[1022.354, 283.035]
[1022.613, 283.296]
[1022.873, 283.558]
[1023.133, 283.561]
[1023.393, 283.563]
[1023.654, 283.565]
[1023.913, 283.827]
[1024.173, 283.829]
[1024.433, 284.091]
[1024.693, 284.093]
[1024.953, 284.095]
[1025.214, 284.098]
[1025.474, 284.100]
[1025.733, 284.362]
[1025.993, 284.364]
[1026.255, 284.106]
[1026.515, 284.108]
[1026.775, 284.111]
[1027.036, 284.113]
[1027.296, 284.115]
[1027.557, 283.857]
[1027.818, 283.600]
[1028.079, 283.602]
[1028.340, 283.344]
[1028.601, 283.087]
[1028.863, 282.829]
[1029.123, 282.831]
[1029.384, 282.574]
[1029.646, 282.316]
[1029.906, 282.318]
[1030.168, 281.801]
[1030.429, 281.543]
[1030.691, 281.286]
[1030.952, 281.028]
[1031.213, 280.770]
[1031.475, 280.513]
[1031.735, 280.515]
[1031.996, 280.257]
[1032.256, 280.259]
[1032.517, 280.262]
[1032.777, 280.264]
[1033.037, 280.266]
[1033.298, 280.268]
[1033.558, 280.270]
[1033.818, 280.272]
[1034.080, 280.015]
[1034.340, 280.017]
[1034.600, 280.019]
[1034.860, 280.021]
[1035.121, 280.023]
[1035.382, 279.766]
[1035.642, 279.768]
[1035.904, 279.510]
[1036.165, 279.253]
[1036.425, 279.255]
[1036.687, 278.997]
[1036.948, 278.740]
[1037.208, 278.742]
[1037.468, 278.744]
[1037.730, 278.487]
[1037.991, 278.229]
[1038.251, 278.231]
[1038.514, 277.714]
[1038.775, 277.456]
[1039.037, 276.939]
[1039.301, 275.902]
[1039.563, 275.644]
[1039.824, 275.387]
[1040.085, 275.129]
[1040.345, 275.131]
[1040.608, 274.614]
[1040.869, 274.356]
[1041.131, 273.839]
[1041.393, 273.581]
[1041.654, 273.324]
[1041.915, 273.066]
[1042.175, 273.068]
[1042.436, 273.070]
[1042.697, 272.813]
[1042.958, 272.555]
[1043.219, 272.557]
[1043.480, 272.300]
[1043.741, 272.042]
[1044.003, 271.784]
[1044.263, 271.787]
[1044.524, 271.529]
[1044.785, 271.271]
[1045.046, 271.273]
[1045.307, 271.016]
[1045.567, 271.018]
[1045.828, 271.020]
[1046.087, 271.282]
[1046.347, 271.284]
[1046.608, 271.287]
[1046.868, 271.289]
[1047.128, 271.291]
[1047.389, 271.033]
[1047.650, 271.035]
[1047.910, 271.038]
[1048.169, 271.300]
[1048.430, 271.302]
[1048.689, 271.564]
[1048.948, 271.826]
[1049.209, 271.828]
[1049.469, 271.830]
[1049.729, 271.832]
[1049.990, 271.834]
[1050.249, 272.096]
[1050.509, 272.098]
[1050.771, 271.841]
[1051.031, 271.843]
[1051.291, 271.845]
[1051.551, 271.847]
[1051.812, 271.849]
[1052.073, 271.592]
[1052.334, 271.334]
[1052.595, 271.336]
[1052.856, 271.079]
[1053.117, 270.821]
[1053.378, 270.564]
[1053.639, 270.566]
[1053.900, 270.308]
[1054.162, 269.791]
[1054.424, 269.533]
[1054.686, 269.016]
[1054.949, 268.239]
[1055.210, 267.981]
[1055.472, 267.723]
[1055.732, 267.726]
[1055.992, 267.728]
[1056.254, 267.470]
[1056.515, 267.213]
[1056.775, 267.215]
[1057.036, 266.957]
[1057.297, 266.959]
[1057.557, 266.961]
[1057.818, 266.704]
[1058.079, 266.706]
[1058.339, 266.708]
[1058.599, 266.710]
[1058.859, 266.712]
[1059.121, 266.455]
[1059.381, 266.457]
[1059.641, 266.459]
[1059.902, 266.461]
[1060.162, 266.464]
[1060.421, 266.726]
[1060.682, 266.728]
[1060.941, 266.990]
[1061.201, 266.992]
[1061.462, 266.994]
[1061.721, 267.256]
[1061.981, 267.258]
[1062.241, 267.520]
[1062.500, 267.782]
[1062.759, 268.044]
[1063.019, 268.306]
[1063.277, 268.828]
[1063.537, 268.830]
[1063.797, 269.092]
[1064.056, 269.354]
[1064.316, 269.356]
[1064.577, 269.358]
[1064.837, 269.360]
[1065.096, 269.622]
[1065.355, 269.884]
[1065.616, 269.886]
[1065.875, 270.148]
[1066.134, 270.410]
[1066.395, 270.412]
[1066.655, 270.415]
[1066.914, 270.676]
[1067.175, 270.679]
[1067.435, 270.681]
[1067.695, 270.683]
[1067.956, 270.685]
[1068.215, 270.947]
[1068.475, 270.949]
[1068.736, 270.951]
[1068.996, 270.954]
[1069.256, 270.956]
[1069.516, 270.958]
[1069.777, 270.960]
[1070.037, 270.962]
[1070.298, 270.705]
[1070.559, 270.707]
[1070.819, 270.709]
[1071.079, 270.711]
[1071.340, 270.713]
[1071.601, 270.456]
[1071.861, 270.458]
[1072.121, 270.460]
[1072.382, 270.462]
[1072.642, 270.464]
[1072.903, 270.207]
[1073.164, 270.209]
[1073.424, 270.211]
[1073.684, 270.213]
[1073.945, 270.215]
[1074.204, 270.477]
[1074.464, 270.480]
[1074.724, 270.482]
[1074.985, 270.484]
[1075.245, 270.486]
[1075.505, 270.748]
[1075.766, 270.490]
[1076.025, 270.752]
[1076.284, 271.014]
[1076.542, 271.796]
[1076.800, 272.318]
[1077.059, 272.580]
[1077.318, 273.101]
[1077.578, 273.103]
[1077.838, 273.365]
[1078.097, 273.627]
[1078.356, 273.889]
[1078.616, 273.891]
[1078.876, 274.153]
[1079.135, 274.415]
[1079.395, 274.418]
[1079.656, 274.420]
[1079.915, 274.682]
[1080.174, 274.944]
[1080.434, 275.206]
[1080.693, 275.467]
[1080.951, 275.989]
[1081.211, 276.251]
[1081.471, 276.253]
[1081.730, 276.515]
[1081.990, 276.777]
[1082.250, 276.779]
[1082.509, 277.041]
[1082.769, 277.303]
[1083.027, 277.825]
[1083.286, 278.087]
[1083.545, 278.609]
[1083.804, 278.871]
[1084.063, 279.133]
[1084.323, 279.395]
[1084.583, 279.397]
[1084.842, 279.659]
[1085.102, 279.921]
[1085.362, 279.923]
[1085.621, 280.185]
[1085.881, 280.447]
[1086.141, 280.449]
[1086.401, 280.451]
[1086.661, 280.453]
[1086.921, 280.715]
[1087.181, 280.717]
[1087.441, 280.719]
[1087.702, 280.722]
[1087.962, 280.724]
[1088.221, 280.986]
[1088.482, 280.988]
[1088.742, 280.990]
[1089.002, 280.992]
[1089.262, 281.254]
[1089.521, 281.516]
[1089.780, 281.778]
[1090.040, 282.040]
[1090.299, 282.302]
[1090.559, 282.304]
[1090.819, 282.566]
[1091.078, 282.828]
[1091.338, 282.830]
[1091.599, 282.832]
[1091.859, 282.835]
[1092.118, 283.097]
[1092.378, 283.099]
[1092.639, 283.101]
[1092.899, 283.103]
[1093.159, 283.105]
[1093.419, 283.367]
[1093.679, 283.369]
[1093.940, 283.112]
[1094.201, 283.114]
[1094.461, 283.116]
[1094.721, 283.118]
[1094.982, 283.120]
[1095.243, 282.863]
[1095.503, 282.865]
[1095.763, 282.867]
[1096.025, 282.610]
[1096.286, 282.352]
[1096.546, 282.354]
[1096.808, 282.097]
[1097.069, 281.839]
[1097.329, 281.841]
[1097.590, 281.583]
[1097.851, 281.586]
[1098.112, 281.328]
[1098.372, 281.330]
[1098.633, 281.332]
[1098.894, 281.075]
[1099.154, 281.077]
[1099.416, 280.819]
[1099.676, 280.822]
[1099.936, 280.824]
[1100.196, 280.826]
[1100.458, 280.568]
[1100.718, 280.570]
[1100.978, 280.573]
[1101.240, 280.315]
[1101.500, 280.317]
[1101.761, 280.060]
[1102.021, 280.062]
[1102.282, 280.064]
[1102.542, 280.066]
[1102.802, 280.068]
[1103.064, 279.811]
[1103.324, 279.813]
[1103.584, 279.815]
[1103.846, 279.557]
[1104.107, 279.300]
[1104.367, 279.302]
[1104.630, 278.784]
[1104.891, 278.527]
[1105.153, 278.009]
[1105.417, 276.973]
[1105.679, 276.715]
[1105.940, 276.457]
[1106.200, 276.460]
[1106.460, 276.462]
[1106.722, 276.204]
[1106.983, 275.946]
[1107.243, 275.949]
[1107.505, 275.691]
[1107.767, 275.174]
[1108.028, 274.916]
[1108.290, 274.399]
[1108.552, 274.141]
[1108.813, 273.883]
[1109.074, 273.626]
[1109.335, 273.628]
[1109.596, 273.370]
[1109.857, 273.113]
[1110.118, 272.855]
[1110.380, 272.598]
[1110.641, 272.340]
[1110.902, 272.082]
[1111.164, 271.825]
[1111.425, 271.567]
[1111.685, 271.569]
[1111.946, 271.312]
[1112.208, 271.054]
[1112.469, 270.796]
[1112.730, 270.539]
[1112.991, 270.541]
[1113.251, 270.543]
[1113.511, 270.545]
[1113.771, 270.548]
[1114.032, 270.550]
[1114.292, 270.552]
[1114.553, 270.294]
[1114.814, 270.296]
[1115.074, 270.299]
[1115.334, 270.301]
[1115.595, 270.303]
[1115.854, 270.565]
[1116.114, 270.567]
[1116.375, 270.569]
[1116.635, 270.571]
[1116.895, 270.574]
[1117.155, 270.836]
[1117.415, 270.838]
[1117.675, 270.840]
[1117.935, 270.842]
[1118.197, 270.584]
[1118.457, 270.587]
[1118.717, 270.589]
[1118.978, 270.591]
[1119.238, 270.593]
[1119.499, 270.335]
[1119.760, 270.078]
[1120.021, 270.080]
[1120.282, 269.822]
[1120.543, 269.565]
[1120.806, 269.047]
[1121.067, 268.790]
[1121.329, 268.272]
[1121.590, 268.015]
[1121.852, 267.757]
[1122.112, 267.759]
[1122.373, 267.502]
[1122.635, 267.244]
[1122.895, 267.246]
[1123.156, 266.989]
[1123.417, 266.731]
[1123.678, 266.733]
[1123.938, 266.735]
[1124.199, 266.478]
[1124.460, 266.480]
[1124.721, 266.222]
[1124.981, 266.225]
[1125.242, 266.227]
[1125.502, 266.229]
[1125.762, 266.231]
[1126.023, 266.233]
[1126.282, 266.495]
[1126.542, 266.497]
[1126.802, 266.500]
[1127.063, 266.502]
[1127.322, 266.764]
[1127.582, 266.766]
[1127.843, 266.768]
[1128.103, 266.770]
[1128.363, 266.772]
[1128.623, 267.034]
[1128.882, 267.296]
[1129.142, 267.298]
[1129.402, 267.560]
[1129.661, 267.822]
[1129.921, 267.825]
[1130.181, 268.086]
[1130.441, 268.089]
[1130.701, 268.091]
[1130.961, 268.353]
[1131.220, 268.615]
[1131.478, 269.136]
[1131.738, 269.398]
[1131.996, 269.920]
[1132.256, 269.922]
[1132.516, 270.184]
[1132.775, 270.446]
[1133.035, 270.448]
[1133.294, 270.710]
[1133.555, 270.712]
[1133.815, 270.715]
[1134.075, 270.717]
[1134.336, 270.719]
[1134.595, 270.981]
[1134.855, 270.983]
[1135.117, 270.725]
[1135.377, 270.728]
[1135.637, 270.730]
[1135.898, 270.732]
[1136.158, 270.734]
[1136.419, 270.477]
[1136.680, 270.219]
[1136.941, 270.221]
[1137.202, 269.964]
[1137.462, 269.966]
[1137.723, 269.968]
[1137.983, 269.970]
[1138.244, 269.712]
[1138.505, 269.715]
[1138.765, 269.717]
[1139.025, 269.719]
[1139.284, 269.981]
[1139.545, 269.983]
[1139.805, 269.985]
[1140.065, 269.987]
[1140.326, 269.990]
[1140.586, 269.992]
[1140.846, 269.994]
[1141.107, 269.996]
[1141.367, 269.998]
[1141.627, 270.000]
[1141.888, 270.003]
[1142.147, 270.265]
[1142.406, 270.526]
[1142.665, 271.048]
[1142.923, 271.570]
[1143.182, 271.832]
[1143.441, 272.354]
[1143.700, 272.616]
[1143.959, 272.878]
[1144.218, 273.399]
[1144.476, 273.921]
[1144.735, 274.183]
[1144.994, 274.705]
[1145.253, 274.967]
[1145.512, 275.229]
[1145.772, 275.490]
[1146.031, 275.752]
[1146.290, 276.014]
[1146.550, 276.276]
[1146.809, 276.538]
[1147.068, 276.800]
[1147.328, 277.062]
[1147.587, 277.324]
[1147.847, 277.326]
[1148.107, 277.588]
[1148.366, 277.850]
[1148.626, 277.852]
[1148.886, 277.855]
[1149.147, 277.857]
[1149.407, 277.859]
[1149.666, 278.121]
[1149.927, 278.123]
[1150.187, 278.125]
[1150.447, 278.127]
[1150.708, 278.129]
[1150.967, 278.391]
[1151.227, 278.394]
[1151.487, 278.656]
[1151.747, 278.658]
[1152.006, 278.920]
[1152.267, 278.922]
[1152.526, 279.184]
[1152.786, 279.186]
[1153.046, 279.448]
[1153.305, 279.710]
[1153.564, 279.972]
[1153.823, 280.234]
[1154.082, 280.755]
[1154.342, 280.758]
[1154.601, 281.020]
[1154.861, 281.282]
[1155.121, 281.284]
[1155.380, 281.546]
[1155.641, 281.548]
[1155.900, 281.810]
[1156.159, 282.072]
[1156.420, 282.074]
[1156.680, 282.076]
[1156.940, 282.078]
[1157.201, 282.080]
[1157.460, 282.342]
[1157.720, 282.345]
[1157.981, 282.347]
[1158.241, 282.349]
[1158.501, 282.351]
[1158.760, 282.613]
[1159.021, 282.615]
[1159.281, 282.617]
[1159.542, 282.620]
[1159.802, 282.622]
[1160.063, 282.364]
[1160.323, 282.366]
[1160.584, 282.368]
[1160.844, 282.371]
[1161.104, 282.373]
[1161.366, 282.115]
[1161.627, 281.858]
[1161.887, 281.860]
[1162.148, 281.602]
[1162.410, 281.345]
[1162.671, 281.087]
[1162.932, 280.829]
[1163.194, 280.572]
[1163.455, 280.314]
[1163.715, 280.316]
[1163.976, 280.059]
[1164.238, 279.801]
[1164.499, 279.543]
[1164.759, 279.546]
[1165.021, 279.288]
[1165.281, 279.290]
[1165.542, 279.033]
[1165.802, 279.035]
[1166.063, 279.037]
[1166.323, 279.039]
[1166.583, 279.041]
[1166.845, 278.784]
[1167.105, 278.786]
[1167.365, 278.788]
[1167.626, 278.790]
[1167.887, 278.533]
[1168.148, 278.275]
[1168.408, 278.277]
[1168.670, 278.019]
[1168.931, 277.762]
[1169.192, 277.504]
[1169.454, 277.247]
[1169.715, 276.989]
[1169.975, 276.991]
[1170.237, 276.474]
[1170.499, 276.216]
[1170.761, 275.699]
[1171.026, 274.402]
[1171.287, 274.144]
[1171.549, 273.887]
[1171.810, 273.629]
[1172.070, 273.631]
[1172.332, 273.374]
[1172.593, 273.116]
[1172.854, 272.859]
[1173.115, 272.601]
[1173.377, 272.343]
[1173.638, 272.086]
[1173.898, 272.088]
[1174.160, 271.830]
[1174.422, 271.313]
[1174.683, 271.055]
[1174.944, 270.798]
[1175.206, 270.540]
[1175.467, 270.283]
[1175.727, 270.285]
[1175.988, 270.287]
[1176.248, 270.289]
[1176.509, 270.031]
[1176.771, 269.774]
[1177.031, 269.776]
[1177.292, 269.518]
[1177.552, 269.521]
[1177.813, 269.523]
[1178.073, 269.525]
[1178.333, 269.527]
[1178.595, 269.269]
[1178.855, 269.272]
[1179.115, 269.274]
[1179.375, 269.536]
[1179.635, 269.538]
[1179.895, 269.540]
[1180.156, 269.542]
[1180.415, 269.804]
[1180.675, 269.806]
[1180.935, 269.809]
[1181.196, 269.811]
[1181.456, 269.813]
[1181.715, 270.075]
[1181.976, 270.077]
[1182.236, 270.079]
[1182.497, 269.822]
[1182.758, 269.824]
[1183.018, 269.826]
[1183.278, 269.828]
[1183.539, 269.830]
[1183.800, 269.573]
[1184.061, 269.315]
[1184.321, 269.317]
[1184.583, 269.060]
[1184.844, 268.802]
[1185.105, 268.544]
[1185.367, 268.287]
[1185.628, 268.029]
[1185.890, 267.512]
[1186.151, 267.254]
[1186.413, 266.997]
[1186.674, 266.739]
[1186.935, 266.481]
[1187.196, 266.483]
[1187.456, 266.486]
[1187.716, 266.488]
[1187.977, 266.230]
[1188.239, 265.973]
[1188.499, 265.975]
[1188.760, 265.717]
[1189.021, 265.719]
[1189.281, 265.722]
[1189.541, 265.724]
[1189.802, 265.726]
[1190.062, 265.728]
[1190.322, 265.730]
[1190.582, 265.732]
[1190.842, 265.994]
[1191.102, 265.996]
[1191.361, 266.258]
[1191.622, 266.261]
[1191.882, 266.263]
[1192.142, 266.265]
[1192.403, 266.267]
[1192.662, 266.529]
[1192.921, 266.791]
[1193.181, 267.053]
[1193.440, 267.315]
[1193.699, 267.577]
[1193.959, 267.839]
[1194.219, 267.841]
[1194.478, 268.103]
[1194.738, 268.365]
[1194.998, 268.367]
[1195.257, 268.629]
[1195.518, 268.631]
[1195.778, 268.633]
[1196.037, 268.895]
[1196.297, 269.157]
[1196.556, 269.419]
[1196.816, 269.421]
[1197.075, 269.683]
[1197.335, 269.945]
[1197.595, 269.947]
[1197.855, 269.950]
[1198.116, 269.952]
[1198.376, 269.954]
[1198.635, 270.216]
[1198.897, 269.958]
[1199.157, 269.960]
[1199.417, 269.963]
[1199.677, 269.965]
[1199.938, 269.967]
[1200.199, 269.709]
[1200.460, 269.452]
[1200.721, 269.454]
[1200.982, 269.196]
[1201.243, 268.939]
[1201.505, 268.681]
[1201.765, 268.683]
[1202.025, 268.685]
[1202.286, 268.688]
[1202.546, 268.690]
[1202.807, 268.432]
[1203.067, 268.434]
[1203.328, 268.436]
[1203.587, 268.698]
[1203.847, 268.701]
[1204.108, 268.703]
[1204.367, 268.965]
[1204.627, 268.967]
[1204.888, 268.969]
[1205.148, 268.971]
[1205.408, 268.973]
[1205.667, 269.235]
[1205.927, 269.497]
[1206.186, 269.759]
[1206.447, 269.761]
[1206.706, 270.023]
[1206.965, 270.285]
[1207.224, 270.547]
[1207.483, 271.069]
[1207.742, 271.331]
[1208.000, 271.853]
[1208.260, 272.115]
[1208.520, 272.117]
[1208.779, 272.379]
[1209.039, 272.641]
[1209.298, 272.903]
[1209.556, 273.684]
[1209.814, 274.206]
[1210.073, 274.468]
[1210.332, 274.990]
[1210.592, 274.992]
[1210.851, 275.254]
[1211.110, 275.516]
[1211.371, 275.518]
[1211.630, 275.780]
[1211.890, 276.042]
[1212.148, 276.563]
[1212.407, 276.825]
[1212.666, 277.347]
[1212.926, 277.349]
[1213.185, 277.611]
[1213.444, 277.873]
[1213.705, 277.875]
[1213.965, 277.878]
[1214.225, 277.880]
[1214.486, 277.882]
[1214.745, 278.144]
[1215.005, 278.146]
[1215.266, 278.148]
[1215.526, 278.150]
[1215.786, 278.152]
[1216.047, 278.155]
[1216.307, 278.157]
[1216.567, 278.159]
[1216.827, 278.421]
[1217.087, 278.423]
[1217.347, 278.425]
[1217.606, 278.687]
[1217.866, 278.949]
[1218.125, 279.211]
[1218.384, 279.473]
[1218.644, 279.735]
[1218.904, 279.737]
[1219.163, 279.999]
[1219.423, 280.261]
[1219.683, 280.263]
[1219.943, 280.265]
[1220.203, 280.527]
[1220.463, 280.530]
[1220.722, 280.792]
[1220.982, 281.053]
[1221.242, 281.056]
[1221.502, 281.058]
[1221.763, 281.060]
[1222.023, 281.062]
[1222.282, 281.324]
[1222.543, 281.066]
[1222.804, 281.069]
[1223.064, 281.071]
[1223.324, 281.073]
[1223.585, 281.075]
[1223.846, 280.818]
[1224.107, 280.560]
[1224.368, 280.562]
[1224.629, 280.305]
[1224.890, 280.047]
[1225.151, 279.789]
[1225.412, 279.791]
[1225.673, 279.534]
[1225.934, 279.276]
[1226.195, 279.278]
[1226.456, 279.021]
[1226.717, 278.763]
[1226.978, 278.506]
[1227.240, 278.248]
[1227.500, 278.250]
[1227.761, 277.993]
[1228.022, 277.995]
[1228.282, 277.997]
[1228.543, 277.739]
[1228.803, 277.741]
[1229.065, 277.484]
[1229.325, 277.486]
[1229.585, 277.488]
[1229.846, 277.490]
[1230.106, 277.492]
[1230.366, 277.495]
[1230.628, 277.237]
[1230.888, 277.239]
[1231.148, 277.241]
[1231.409, 277.244]
[1231.669, 277.246]
[1231.930, 276.988]
[1232.191, 276.731]
[1232.452, 276.733]
[1232.713, 276.475]
[1232.974, 276.217]
[1233.236, 275.960]
[1233.496, 275.962]
[1233.756, 275.964]
[1234.017, 275.707]
[1234.279, 275.449]
[1234.539, 275.451]
[1234.801, 274.934]
[1235.063, 274.676]
[1235.325, 274.159]
[1235.590, 272.862]
[1235.851, 272.604]
[1236.113, 272.347]
[1236.374, 272.089]
[1236.634, 272.091]
[1236.896, 271.574]
[1237.158, 271.316]
[1237.420, 270.799]
[1237.682, 270.282]
[1237.945, 269.764]
[1238.206, 269.507]
[1238.467, 269.249]
[1238.727, 269.251]
[1238.988, 269.253]
[1239.248, 269.256]
[1239.508, 269.258]
[1239.770, 269.000]
[1240.030, 269.002]
[1240.290, 269.004]
[1240.551, 269.007]
[1240.811, 269.009]
[1241.072, 268.751]
[1241.333, 268.494]
[1241.594, 268.496]
[1241.855, 268.238]
[1242.115, 268.240]
[1242.375, 268.502]
[1242.635, 268.504]
[1242.895, 268.507]
[1243.156, 268.509]
[1243.416, 268.511]
[1243.676, 268.513]
[1243.937, 268.515]
[1244.196, 268.777]
[1244.456, 268.779]
[1244.715, 269.041]
[1244.976, 269.043]
[1245.236, 269.046]
[1245.496, 269.048]
[1245.757, 269.050]
[1246.016, 269.312]
[1246.276, 269.314]
[1246.537, 269.316]
[1246.797, 269.318]
[1247.057, 269.321]
[1247.318, 269.063]
[1247.579, 269.065]
[1247.839, 269.067]
[1248.099, 269.070]
[1248.360, 269.072]
[1248.621, 268.814]
[1248.882, 268.556]
[1249.143, 268.559]
[1249.404, 268.301]
[1249.665, 268.043]
[1249.926, 268.046]
[1250.187, 267.788]
[1250.449, 267.271]
[1250.710, 267.013]
[1250.973, 266.496]
[1251.235, 265.978]
[1251.496, 265.721]
[1251.757, 265.463]
[1252.019, 265.205]
[1252.279, 265.208]
[1252.540, 264.950]
[1252.802, 264.692]
[1253.063, 264.435]
[1253.323, 264.437]
[1253.583, 264.439]
[1253.845, 264.181]
[1254.105, 264.184]
[1254.365, 264.186]
[1254.626, 264.188]
[1254.886, 264.190]
[1255.146, 264.192]
[1255.407, 264.195]
[1255.667, 264.197]
[1255.927, 264.199]
[1256.188, 264.201]
[1256.447, 264.463]
[1256.706, 264.725]
[1256.965, 264.987]
[1257.225, 265.249]
[1257.484, 265.511]
[1257.744, 265.773]
[1258.003, 266.035]
[1258.262, 266.297]
[1258.522, 266.299]
[1258.782, 266.561]
[1259.041, 266.823]
[1259.301, 266.825]
[1259.561, 267.087]
[1259.820, 267.349]
[1260.079, 267.611]
[1260.339, 267.873]
[1260.598, 268.135]
[1260.858, 268.137]
[1261.118, 268.399]
[1261.377, 268.661]
[1261.637, 268.663]
[1261.898, 268.665]
[1262.158, 268.667]
[1262.417, 268.929]
[1262.678, 268.931]
[1262.938, 268.933]
[1263.198, 268.936]
[1263.458, 268.938]
[1263.718, 269.200]
[1263.978, 269.202]
[1264.238, 269.204]
[1264.500, 268.946]
[1264.760, 268.949]
[1265.020, 268.951]
[1265.281, 268.953]
[1265.541, 268.955]
[1265.802, 268.698]
[1266.063, 268.700]
[1266.323, 268.702]
[1266.583, 268.704]
[1266.844, 268.706]
[1267.105, 268.449]
[1267.365, 268.451]
[1267.625, 268.453]
[1267.887, 268.195]
[1268.147, 268.198]
[1268.407, 268.200]
[1268.668, 268.202]
[1268.929, 267.944]
[1269.189, 267.946]
[1269.448, 268.208]
[1269.709, 268.211]
[1269.968, 268.473]
[1270.228, 268.475]
[1270.489, 268.477]
[1270.749, 268.479]
[1271.009, 268.481]
[1271.269, 268.743]
[1271.528, 269.005]
[1271.787, 269.267]
[1272.047, 269.529]
[1272.305, 270.051]
[1272.564, 270.313]
[1272.823, 270.834]
[1273.082, 271.096]
[1273.341, 271.358]
[1273.601, 271.620]
[1273.860, 271.882]
[1274.120, 271.884]
[1274.380, 272.146]
[1274.639, 272.408]
[1274.899, 272.410]
[1275.159, 272.672]
[1275.418, 272.934]
[1275.676, 273.456]
[1275.935, 273.978]
[1276.194, 274.240]
[1276.452, 274.761]
[1276.713, 274.764]
[1276.972, 275.026]
[1277.231, 275.288]
[1277.491, 275.549]
[1277.750, 275.811]
[1278.009, 276.073]
[1278.268, 276.595]
[1278.527, 276.857]
[1278.787, 276.859]
[1279.047, 277.121]
[1279.306, 277.383]
[1279.566, 277.385]
[1279.827, 277.387]
[1280.087, 277.390]
[1280.346, 277.652]
[1280.606, 277.654]
[1280.866, 277.916]
[1281.126, 277.918]
[1281.386, 277.920]
[1281.647, 277.922]
[1281.907, 277.924]
[1282.166, 278.186]
[1282.427, 278.188]
[1282.687, 278.191]
[1282.947, 278.193]
[1283.208, 278.195]
[1283.468, 278.197]
[1283.728, 278.199]
[1283.988, 278.461]
[1284.247, 278.723]
[1284.505, 279.245]
[1284.764, 279.767]
[1285.023, 280.029]
[1285.281, 280.550]
[1285.542, 280.553]
[1285.801, 280.814]
[1286.060, 281.076]
[1286.321, 281.079]
[1286.580, 281.341]
[1286.840, 281.343]
[1287.100, 281.345]
[1287.361, 281.347]
[1287.621, 281.349]
[1287.880, 281.611]
[1288.141, 281.613]
[1288.402, 281.356]
[1288.662, 281.358]
[1288.923, 281.360]
[1289.183, 281.362]
[1289.443, 281.364]
[1289.704, 281.107]
[1289.966, 280.849]
[1290.226, 280.851]
[1290.488, 280.334]
[1290.750, 280.076]
[1291.011, 279.819]
[1291.272, 279.561]
[1291.533, 279.304]
[1291.794, 279.306]
[1292.054, 279.308]
[1292.314, 279.310]
[1292.576, 279.052]
[1292.837, 278.795]
[1293.097, 278.797]
[1293.359, 278.539]
[1293.620, 278.282]
[1293.881, 278.024]
[1294.141, 278.026]
[1294.402, 278.029]
[1294.662, 278.031]
[1294.922, 278.033]
[1295.183, 278.035]
[1295.443, 278.037]
[1295.703, 278.039]
[1295.964, 278.042]
[1296.224, 278.044]
[1296.484, 278.046]
[1296.745, 278.048]
[1297.006, 277.790]
