[66.519, 272.208]
[66.780, 272.210]
[67.041, 271.953]
[67.300, 272.215]
[67.560, 272.217]
[67.821, 272.219]
[68.081, 272.221]
[68.341, 272.223]
[68.601, 272.485]
[68.860, 272.747]
[69.120, 272.749]
[69.379, 273.271]
[69.638, 273.533]
[69.896, 274.055]
[70.147, 276.655]
[70.406, 276.917]
[70.666, 277.179]
[70.925, 277.441]
[71.184, 277.703]
[71.444, 277.964]
[71.703, 278.226]
[71.962, 278.488]
[72.222, 278.750]
[72.481, 279.012]
[72.741, 279.014]
[73.002, 278.757]
[73.263, 278.759]
[73.523, 278.761]
[73.783, 278.763]
[74.044, 278.766]
[74.305, 278.508]
[74.565, 278.510]
[74.826, 278.512]
[75.086, 278.514]
[75.347, 278.257]
[75.608, 277.999]
[75.871, 277.482]
[76.132, 277.224]
[76.394, 276.707]
[76.656, 276.449]
[76.917, 276.192]
[77.177, 276.194]
[77.438, 275.936]
[77.700, 275.679]
[77.960, 275.681]
[78.220, 275.683]
[78.481, 275.685]
[78.742, 275.427]
[79.003, 275.170]
[79.265, 274.652]
[79.527, 274.395]
[79.789, 273.877]
[80.050, 273.620]
[80.311, 273.622]
[80.572, 273.364]
[80.833, 273.107]
[81.093, 273.109]
[81.354, 273.111]
[81.614, 273.113]
[81.874, 273.115]
[82.136, 272.858]
[82.396, 272.860]
[82.656, 272.862]
[82.917, 272.864]
[83.177, 272.867]
[83.437, 272.869]
[83.696, 273.131]
[83.957, 273.133]
[84.217, 273.135]
[84.477, 273.137]
[84.738, 273.139]
[84.997, 273.401]
[85.256, 273.663]
[85.517, 273.665]
[85.775, 274.187]
[86.034, 274.449]
[86.293, 274.971]
[86.552, 275.233]
[86.811, 275.495]
[87.071, 275.757]
[87.331, 275.759]
[87.590, 276.021]
[87.851, 276.023]
[88.110, 276.285]
[88.370, 276.287]
[88.630, 276.549]
[88.890, 276.551]
[89.151, 276.294]
[89.412, 276.036]
[89.675, 275.519]
[89.937, 275.001]
[90.198, 274.744]
[90.461, 274.226]
[90.723, 273.709]
[90.985, 273.191]
[91.246, 272.934]
[91.509, 272.416]
[91.770, 272.159]
[92.031, 271.901]
[92.292, 271.644]
[92.554, 271.386]
[92.814, 271.388]
[93.075, 271.131]
[93.337, 270.873]
[93.597, 270.875]
[93.857, 270.877]
[94.119, 270.620]
[94.380, 270.362]
[94.642, 269.845]
[94.904, 269.327]
[95.166, 269.070]
[95.428, 268.552]
[95.689, 268.295]
[95.950, 268.037]
[96.212, 267.779]
[96.473, 267.522]
[96.734, 267.264]
[96.996, 267.007]
[97.257, 266.749]
[97.519, 266.232]
[97.779, 266.234]
[98.041, 265.976]
[98.302, 265.719]
[98.562, 265.721]
[98.823, 265.723]
[99.083, 265.725]
[99.343, 265.727]
[99.605, 265.470]
[99.865, 265.472]
[100.125, 265.474]
[100.385, 265.476]
[100.646, 265.478]
[100.905, 265.740]
[101.166, 265.483]
[101.428, 265.225]
[101.688, 265.227]
[101.949, 264.970]
[102.211, 264.712]
[102.471, 264.714]
[102.731, 264.716]
[102.991, 264.719]
[103.253, 264.461]
[103.514, 264.203]
[103.775, 263.946]
[104.037, 263.688]
[104.299, 263.171]
[104.559, 263.173]
[104.820, 262.915]
[105.082, 262.658]
[105.342, 262.660]
[105.602, 262.662]
[105.864, 262.404]
[106.125, 262.147]
[106.385, 262.149]
[106.646, 261.891]
[106.908, 261.634]
[107.168, 261.636]
[107.428, 261.638]
[107.689, 261.640]
[107.949, 261.642]
[108.210, 261.385]
[108.471, 261.387]
[108.731, 261.389]
[108.991, 261.391]
[109.251, 261.653]
[109.511, 261.655]
[109.771, 261.658]
[110.031, 261.660]
[110.292, 261.662]
[110.551, 261.924]
[110.811, 261.926]
[111.071, 262.188]
[111.330, 262.450]
[111.590, 262.452]
[111.850, 262.714]
[112.108, 263.236]
[112.367, 263.498]
[112.627, 263.760]
[112.886, 264.022]
[113.145, 264.284]
[113.406, 264.286]
[113.666, 264.288]
[113.926, 264.290]
[114.187, 264.292]
[114.446, 264.554]
[114.706, 264.556]
[114.967, 264.559]
[115.226, 264.821]
[115.485, 265.083]
[115.745, 265.085]
[116.005, 265.347]
[116.265, 265.349]
[116.524, 265.611]
[116.785, 265.613]
[117.045, 265.615]
[117.305, 265.617]
[117.566, 265.619]
[117.825, 265.881]
[118.085, 265.884]
[118.346, 265.886]
[118.606, 265.888]
[118.866, 265.890]
[119.126, 266.152]
[119.385, 266.414]
[119.645, 266.416]
[119.904, 266.938]
[120.163, 267.200]
[120.422, 267.462]
[120.682, 267.724]
[120.941, 267.986]
[121.200, 268.248]
[121.460, 268.510]
[121.719, 268.771]
[121.978, 269.033]
[122.238, 269.036]
[122.498, 269.298]
[122.757, 269.560]
[123.017, 269.562]
[123.276, 270.083]
[123.535, 270.345]
[123.794, 270.607]
[124.054, 270.869]
[124.313, 271.131]
[124.571, 271.653]
[124.831, 271.915]
[125.090, 272.177]
[125.349, 272.439]
[125.609, 272.701]
[125.869, 272.703]
[126.128, 272.965]
[126.388, 273.227]
[126.648, 273.229]
[126.907, 273.491]
[127.168, 273.493]
[127.428, 273.495]
[127.688, 273.497]
[127.948, 273.759]
[128.208, 273.762]
[128.468, 273.764]
[128.729, 273.766]
[128.989, 273.768]
[129.249, 273.770]
[129.509, 273.772]
[129.770, 273.775]
[130.031, 273.517]
[130.291, 273.519]
[130.553, 273.262]
[130.813, 273.264]
[131.073, 273.266]
[131.334, 273.268]
[131.594, 273.270]
[131.855, 273.013]
[132.115, 273.015]
[132.376, 273.017]
[132.636, 273.019]
[132.895, 273.281]
[133.156, 273.283]
[133.416, 273.285]
[133.676, 273.288]
[133.937, 273.290]
[134.196, 273.552]
[134.455, 273.814]
[134.716, 273.816]
[134.975, 274.078]
[135.234, 274.340]
[135.494, 274.602]
[135.753, 274.864]
[136.012, 275.126]
[136.272, 275.388]
[136.531, 275.649]
[136.791, 275.652]
[137.051, 275.914]
[137.310, 276.176]
[137.569, 276.437]
[137.829, 276.699]
[138.088, 276.961]
[138.347, 277.223]
[138.607, 277.485]
[138.866, 277.747]
[139.125, 278.009]
[139.385, 278.271]
[139.645, 278.273]
[139.905, 278.275]
[140.165, 278.278]
[140.427, 278.020]
[140.687, 278.022]
[140.947, 278.024]
[141.208, 278.027]
[141.469, 277.769]
[141.729, 277.771]
[141.990, 277.773]
[142.250, 277.775]
[142.510, 277.778]
[142.771, 277.520]
[143.033, 277.262]
[143.295, 276.745]
[143.556, 276.487]
[143.819, 275.970]
[144.080, 275.712]
[144.340, 275.715]
[144.601, 275.457]
[144.863, 275.199]
[145.123, 275.202]
[145.383, 275.204]
[145.645, 274.946]
[145.906, 274.688]
[146.167, 274.431]
[146.428, 274.173]
[146.690, 273.916]
[146.950, 273.918]
[147.211, 273.660]
[147.473, 273.403]
[147.733, 273.405]
[147.994, 273.147]
[148.254, 273.149]
[148.516, 272.892]
[148.776, 272.894]
[149.036, 272.896]
[149.297, 272.898]
[149.557, 272.900]
[149.818, 272.643]
[150.079, 272.645]
[150.338, 272.907]
[150.598, 272.909]
[150.859, 272.911]
[151.119, 272.913]
[151.379, 272.916]
[151.638, 273.178]
[151.898, 273.439]
[152.158, 273.442]
[152.417, 273.704]
[152.677, 273.966]
[152.937, 273.968]
[153.197, 273.970]
[153.458, 273.972]
[153.719, 273.714]
[153.979, 273.717]
[154.241, 273.459]
[154.501, 273.461]
[154.761, 273.463]
[155.021, 273.466]
[155.283, 273.208]
[155.543, 273.210]
[155.804, 272.952]
[156.066, 272.695]
[156.326, 272.697]
[156.586, 272.699]
[156.848, 272.442]
[157.109, 272.184]
[157.370, 271.926]
[157.630, 271.929]
[157.892, 271.671]
[158.153, 271.413]
[158.413, 271.415]
[158.675, 271.158]
[158.936, 270.900]
[159.214, 266.226]
[159.476, 265.709]
[159.736, 265.711]
[159.998, 265.454]
[160.259, 265.196]
[160.519, 265.198]
[160.779, 265.200]
[161.040, 265.203]
[161.300, 265.205]
[161.561, 264.947]
[161.821, 265.209]
[162.081, 265.211]
[162.341, 265.213]
[162.602, 265.216]
[162.862, 265.218]
[163.121, 265.480]
[163.382, 265.482]
[163.642, 265.484]
[163.901, 265.746]
[164.162, 265.748]
[164.421, 266.010]
[164.681, 266.012]
[164.942, 265.755]
[165.203, 265.757]
[165.463, 265.759]
[165.724, 265.501]
[165.985, 265.504]
[166.245, 265.506]
[166.505, 265.508]
[166.766, 265.510]
[167.027, 265.252]
[167.288, 264.995]
[167.549, 264.737]
[167.811, 264.480]
[168.072, 264.222]
[168.333, 263.964]
[168.595, 263.707]
[168.856, 263.449]
[169.117, 263.192]
[169.379, 262.674]
[169.641, 262.417]
[169.903, 261.899]
[170.164, 261.642]
[170.425, 261.644]
[170.686, 261.386]
[170.947, 261.129]
[171.207, 261.131]
[171.468, 261.133]
[171.728, 261.135]
[171.988, 261.137]
[172.250, 260.880]
[172.510, 260.882]
[172.769, 261.144]
[173.030, 261.146]
[173.290, 261.148]
[173.550, 261.150]
[173.810, 261.152]
[174.070, 261.414]
[174.331, 261.157]
[174.591, 261.159]
[174.853, 260.901]
[175.113, 260.903]
[175.373, 260.906]
[175.634, 260.908]
[175.895, 260.650]
[176.155, 260.652]
[176.415, 260.655]
[176.676, 260.657]
[176.936, 260.659]
[177.197, 260.401]
[177.457, 260.663]
[177.717, 260.665]
[177.977, 260.668]
[178.238, 260.670]
[178.498, 260.672]
[178.757, 260.934]
[179.017, 261.196]
[179.277, 261.198]
[179.535, 261.720]
[179.795, 261.982]
[180.053, 262.503]
[180.309, 263.545]
[180.569, 263.807]
[180.828, 264.069]
[181.088, 264.071]
[181.348, 264.333]
[181.608, 264.335]
[181.868, 264.337]
[182.129, 264.339]
[182.389, 264.341]
[182.649, 264.344]
[182.910, 264.086]
[183.172, 263.828]
[183.433, 263.571]
[183.694, 263.313]
[183.955, 263.315]
[184.216, 263.058]
[184.477, 262.800]
[184.737, 262.802]
[184.998, 262.804]
[185.258, 262.807]
[185.518, 262.809]
[185.780, 262.551]
[186.039, 262.813]
[186.299, 262.815]
[186.560, 262.817]
[186.820, 262.820]
[187.080, 262.822]
[187.340, 263.084]
[187.599, 263.346]
[187.859, 263.348]
[188.119, 263.610]
[188.377, 264.131]
[188.636, 264.393]
[188.896, 264.655]
[189.155, 264.917]
[189.413, 265.439]
[189.673, 265.701]
[189.931, 266.223]
[190.171, 271.680]
[190.430, 271.942]
[190.689, 272.204]
[190.950, 272.206]
[191.209, 272.468]
[191.468, 272.730]
[191.728, 272.992]
[191.987, 273.254]
[192.246, 273.516]
[192.507, 273.518]
[192.767, 273.520]
[193.027, 273.523]
[193.288, 273.525]
[193.547, 273.787]
[193.807, 273.789]
[194.067, 273.791]
[194.327, 274.053]
[194.588, 273.795]
[194.848, 273.798]
[195.109, 273.800]
[195.370, 273.542]
[195.630, 273.544]
[195.892, 273.287]
[196.153, 273.029]
[196.413, 273.031]
[196.673, 273.033]
[196.934, 273.036]
[197.194, 273.038]
[197.455, 272.780]
[197.716, 272.782]
[197.975, 273.044]
[198.235, 273.046]
[198.496, 273.049]
[198.756, 273.051]
[199.016, 273.053]
[199.276, 273.315]
[199.535, 273.577]
[199.795, 273.579]
[200.055, 273.841]
[200.314, 274.103]
[200.574, 274.105]
[200.833, 274.367]
[201.093, 274.629]
[201.352, 274.891]
[201.611, 275.153]
[201.872, 275.155]
[202.130, 275.677]
[202.389, 275.939]
[202.648, 276.460]
[202.907, 276.722]
[203.166, 276.984]
[203.427, 276.987]
[203.687, 276.989]
[203.947, 276.991]
[204.208, 276.993]
[204.468, 276.995]
[204.728, 276.997]
[204.989, 277.000]
[205.249, 277.002]
[205.510, 276.744]
[205.770, 276.746]
[206.032, 276.489]
[206.292, 276.491]
[206.553, 276.233]
[206.814, 276.235]
[207.075, 275.978]
[207.336, 275.720]
[207.598, 275.463]
[207.858, 275.465]
[208.119, 275.207]
[208.380, 274.950]
[208.642, 274.692]
[208.903, 274.434]
[209.163, 274.436]
[209.425, 274.179]
[209.686, 273.921]
[209.946, 273.923]
[210.207, 273.666]
[210.469, 273.408]
[210.730, 273.151]
[210.991, 272.893]
[211.252, 272.895]
[211.513, 272.638]
[211.774, 272.380]
[212.034, 272.382]
[212.296, 272.125]
[212.556, 272.127]
[212.816, 272.129]
[213.077, 272.131]
[213.337, 272.133]
[213.598, 271.876]
[213.859, 271.878]
[214.119, 271.880]
[214.379, 271.882]
[214.639, 272.144]
[214.899, 272.146]
[215.159, 272.148]
[215.419, 272.151]
[215.680, 272.153]
[215.939, 272.415]
[216.199, 272.417]
[216.460, 272.419]
[216.719, 272.681]
[216.978, 272.943]
[217.239, 272.945]
[217.498, 273.207]
[217.757, 273.469]
[218.017, 273.731]
[218.277, 273.733]
[218.537, 273.735]
[218.798, 273.737]
[219.058, 273.740]
[219.317, 274.002]
[219.578, 273.744]
[219.840, 273.486]
[220.102, 272.969]
[220.364, 272.452]
[220.626, 272.194]
[220.888, 271.677]
[221.149, 271.419]
[221.410, 271.161]
[221.671, 271.164]
[221.932, 270.906]
[222.193, 270.648]
[222.455, 270.391]
[222.716, 270.133]
[222.976, 270.135]
[223.237, 269.878]
[223.499, 269.620]
[223.759, 269.622]
[224.020, 269.365]
[224.282, 269.107]
[224.542, 269.109]
[224.803, 268.852]
[225.064, 268.594]
[225.330, 267.297]
[225.592, 266.780]
[225.853, 266.522]
[226.115, 266.005]
[226.376, 266.007]
[226.637, 265.749]
[226.898, 265.492]
[227.159, 265.494]
[227.419, 265.496]
[227.680, 265.239]
[227.942, 264.981]
[228.202, 264.983]
[228.463, 264.725]
[228.724, 264.468]
[228.985, 264.470]
[229.245, 264.472]
[229.505, 264.474]
[229.766, 264.477]
[230.027, 264.219]
[230.286, 264.481]
[230.547, 264.483]
[230.808, 264.225]
[231.068, 264.228]
[231.328, 264.230]
[231.590, 263.972]
[231.850, 263.974]
[232.110, 263.977]
[232.371, 263.979]
[232.631, 263.981]
[232.892, 263.723]
[233.154, 263.466]
[233.415, 263.208]
[233.676, 262.950]
[233.938, 262.433]
[234.200, 262.175]
[234.460, 262.178]
[234.721, 261.920]
[234.982, 261.662]
[235.243, 261.665]
[235.503, 261.667]
[235.763, 261.669]
[236.025, 261.411]
[236.286, 261.154]
[236.547, 260.896]
[236.809, 260.638]
[237.069, 260.641]
[237.330, 260.383]
[237.591, 260.125]
[237.852, 260.128]
[238.112, 260.130]
[238.372, 260.132]
[238.633, 260.134]
[238.894, 259.876]
[239.154, 259.879]
[239.415, 259.881]
[239.674, 260.143]
[239.934, 260.145]
[240.195, 260.147]
[240.455, 260.149]
[240.715, 260.151]
[240.974, 260.413]
[241.235, 260.416]
[241.494, 260.678]
[241.753, 260.939]
[242.014, 260.942]
[242.273, 261.204]
[242.532, 261.466]
[242.792, 261.727]
[243.051, 261.989]
[243.310, 262.251]
[243.571, 262.254]
[243.829, 262.775]
[244.088, 263.037]
[244.348, 263.299]
[244.607, 263.561]
[244.866, 263.823]
[245.127, 263.825]
[245.387, 263.827]
[245.647, 263.830]
[245.908, 263.832]
[246.167, 264.094]
[246.427, 264.096]
[246.687, 264.358]
[246.947, 264.360]
[247.207, 264.362]
[247.467, 264.364]
[247.729, 264.107]
[247.988, 264.369]
[248.248, 264.371]
[248.509, 264.373]
[248.769, 264.375]
[249.029, 264.377]
[249.289, 264.639]
[249.548, 264.901]
[249.808, 264.903]
[250.068, 265.165]
[250.327, 265.427]
[250.586, 265.689]
[250.847, 265.691]
[251.106, 265.953]
[251.365, 266.215]
[251.626, 266.217]
[251.884, 266.739]
[252.143, 267.001]
[252.402, 267.523]
[252.661, 267.785]
[252.919, 268.307]
[253.179, 268.569]
[253.438, 268.830]
[253.697, 269.092]
[253.957, 269.354]
[254.215, 269.876]
[254.474, 270.138]
[254.733, 270.660]
[254.992, 270.922]
[255.251, 271.184]
[255.512, 271.186]
[255.771, 271.448]
[256.031, 271.450]
[256.291, 271.452]
[256.551, 271.714]
[256.810, 271.976]
[257.070, 271.978]
[257.330, 272.240]
[257.589, 272.502]
[257.848, 272.764]
[258.108, 273.026]
[258.367, 273.288]
[258.627, 273.290]
[258.888, 273.292]
[259.148, 273.294]
[259.408, 273.297]
[259.668, 273.559]
[259.928, 273.561]
[260.187, 273.823]
[260.448, 273.825]
[260.707, 274.087]
[260.968, 273.829]
[261.229, 273.572]
[261.494, 272.535]
[261.756, 272.017]
[262.017, 271.760]
[262.279, 271.242]
[262.540, 271.244]
[262.801, 270.987]
[263.062, 270.729]
[263.323, 270.731]
[263.583, 270.734]
[263.843, 270.736]
[264.104, 270.738]
[264.365, 270.480]
[264.624, 270.742]
[264.885, 270.744]
[265.145, 270.747]
[265.405, 270.749]
[265.665, 270.751]
[265.925, 271.013]
[266.184, 271.275]
[266.444, 271.277]
[266.704, 271.539]
[266.963, 271.801]
[267.222, 272.063]
[267.483, 272.065]
[267.742, 272.327]
[268.000, 272.849]
[268.260, 273.111]
[268.518, 273.632]
[268.776, 274.154]
[269.036, 274.416]
[269.295, 274.678]
[269.554, 274.940]
[269.815, 274.942]
[270.074, 275.204]
[270.333, 275.466]
[270.593, 275.728]
[270.852, 275.990]
[271.112, 275.992]
[271.372, 276.254]
[271.632, 276.256]
[271.892, 276.258]
[272.153, 276.261]
[272.413, 276.263]
[272.673, 276.265]
[272.933, 276.267]
[273.194, 276.269]
[273.454, 276.271]
[273.714, 276.274]
[273.975, 276.276]
[274.235, 276.278]
[274.495, 276.280]
[274.757, 276.022]
[275.018, 275.765]
[275.279, 275.507]
[275.541, 274.990]
[275.804, 274.472]
[276.065, 274.215]
[276.327, 273.697]
[276.588, 273.700]
[276.849, 273.442]
[277.110, 273.184]
[277.370, 273.187]
[277.632, 272.929]
[277.893, 272.671]
[278.154, 272.414]
[278.417, 271.896]
[278.678, 271.639]
[278.940, 271.121]
[279.200, 271.124]
[279.462, 270.866]
[279.723, 270.608]
[279.983, 270.611]
[280.244, 270.613]
[280.504, 270.615]
[280.764, 270.617]
[281.025, 270.359]
[281.286, 270.362]
[281.546, 270.364]
[281.806, 270.366]
[282.067, 270.368]
[282.327, 270.370]
[282.586, 270.632]
[282.847, 270.634]
[283.107, 270.637]
[283.367, 270.639]
[283.628, 270.641]
[283.887, 270.903]
[284.146, 271.165]
[284.407, 271.167]
[284.666, 271.429]
[284.925, 271.691]
[285.185, 271.953]
[285.444, 272.215]
[285.703, 272.477]
[285.962, 272.739]
[286.223, 272.741]
[286.482, 273.003]
[286.741, 273.265]
[287.002, 273.267]
[287.261, 273.529]
[287.522, 273.271]
[287.784, 273.014]
[288.045, 272.756]
[288.306, 272.498]
[288.567, 272.501]
[288.828, 272.243]
[289.089, 271.985]
[289.350, 271.728]
[289.616, 270.431]
[289.878, 269.914]
[290.139, 269.656]
[290.401, 269.139]
[290.663, 268.881]
[290.923, 268.883]
[291.184, 268.626]
[291.446, 268.368]
[291.706, 268.370]
[291.966, 268.372]
[292.226, 268.375]
[292.487, 268.377]
[292.748, 268.119]
[293.009, 267.861]
[293.272, 267.344]
[293.533, 267.086]
[293.795, 266.569]
[294.056, 266.311]
[294.318, 266.054]
[294.579, 265.796]
[294.839, 265.798]
[295.101, 265.541]
[295.362, 265.283]
[295.623, 265.026]
[295.884, 264.768]
[296.147, 264.251]
[296.408, 263.993]
[296.670, 263.476]
[296.931, 263.478]
[297.192, 263.220]
[297.453, 262.963]
[297.713, 262.965]
[297.974, 262.967]
[298.234, 262.969]
[298.494, 262.971]
[298.756, 262.714]
[299.016, 262.716]
[299.276, 262.718]
[299.537, 262.720]
[299.797, 262.722]
[300.058, 262.465]
[300.318, 262.467]
[300.579, 262.469]
[300.839, 262.471]
[301.100, 262.214]
[301.362, 261.956]
[301.623, 261.698]
[301.884, 261.441]
[302.146, 261.183]
[302.407, 260.926]
[302.668, 260.668]
[302.929, 260.410]
[303.191, 260.153]
[303.451, 260.155]
[303.712, 259.897]
[303.974, 259.640]
[304.234, 259.642]
[304.494, 259.644]
[304.755, 259.386]
[305.016, 259.389]
[305.277, 259.131]
[305.538, 258.873]
[305.799, 258.876]
[306.059, 258.878]
[306.319, 258.880]
[306.579, 258.882]
[306.841, 258.624]
[307.101, 258.627]
[307.361, 258.629]
[307.622, 258.631]
[307.882, 258.633]
[308.141, 258.895]
[308.402, 258.897]
[308.662, 258.899]
[308.922, 258.902]
[309.183, 258.904]
[309.442, 259.166]
[309.701, 259.428]
[309.962, 259.430]
[310.221, 259.692]
[310.480, 259.954]
[310.740, 260.216]
[311.000, 260.218]
[311.259, 260.480]
[311.518, 260.742]
[311.779, 260.744]
[312.038, 261.006]
[312.297, 261.268]
[312.558, 261.270]
[312.817, 261.532]
[313.077, 261.534]
[313.337, 261.796]
[313.596, 262.058]
[313.856, 262.060]
[314.116, 262.322]
[314.375, 262.584]
[314.635, 262.586]
[314.896, 262.588]
[315.156, 262.591]
[315.417, 262.333]
[315.678, 262.335]
[315.938, 262.337]
[316.198, 262.339]
[316.457, 262.601]
[316.718, 262.604]
[316.978, 262.606]
[317.238, 262.608]
[317.499, 262.610]
[317.758, 262.872]
[318.017, 263.134]
[318.278, 263.136]
[318.536, 263.658]
[318.795, 263.920]
[319.055, 264.182]
[319.314, 264.444]
[319.573, 264.706]
[319.833, 264.968]
[320.092, 265.230]
[320.351, 265.492]
[320.612, 265.494]
[320.872, 265.496]
[321.132, 265.498]
[321.393, 265.500]
[321.652, 265.762]
[321.911, 266.024]
[322.172, 266.026]
[322.430, 266.548]
[322.689, 266.810]
[322.948, 267.332]
[323.206, 267.853]
[323.465, 268.115]
[323.724, 268.637]
[323.983, 268.899]
[324.241, 269.421]
[324.501, 269.683]
[324.760, 269.945]
[325.020, 269.947]
[325.281, 269.949]
[325.541, 269.951]
[325.800, 270.213]
[326.060, 270.215]
[326.320, 270.477]
[326.580, 270.479]
[326.840, 270.482]
[327.101, 270.484]
[327.361, 270.486]
[327.621, 270.488]
[327.882, 270.490]
[328.142, 270.492]
[328.402, 270.495]
[328.662, 270.757]
[328.922, 270.759]
[329.183, 270.501]
[329.443, 270.503]
[329.705, 270.246]
[329.966, 269.988]
[330.226, 269.990]
[330.487, 269.992]
[330.747, 269.995]
[331.007, 269.997]
[331.269, 269.739]
[331.529, 269.741]
[331.788, 270.003]
[332.048, 270.005]
[332.309, 270.008]
[332.569, 270.010]
[332.829, 270.012]
[333.089, 270.274]
[333.348, 270.536]
[333.608, 270.538]
[333.868, 270.800]
[334.127, 271.062]
[334.387, 271.064]
[334.647, 271.326]
[334.906, 271.588]
[335.164, 272.110]
[335.424, 272.372]
[335.683, 272.634]
[335.942, 272.896]
[336.202, 273.158]
[336.461, 273.419]
[336.720, 273.681]
[336.981, 273.684]
[337.240, 273.946]
[337.499, 274.207]
[337.759, 274.469]
[338.018, 274.731]
[338.278, 274.734]
[338.539, 274.736]
[338.800, 274.478]
[339.060, 274.480]
[339.320, 274.482]
[339.581, 274.485]
[339.841, 274.487]
[340.101, 274.489]
[340.362, 274.491]
[340.622, 274.493]
[340.883, 274.236]
[341.144, 274.238]
[341.405, 273.980]
[341.666, 273.723]
[341.927, 273.465]
[342.189, 273.207]
[342.449, 273.210]
[342.710, 272.952]
[342.972, 272.694]
[343.232, 272.697]
[343.493, 272.439]
[343.754, 272.181]
[344.016, 271.924]
[344.277, 271.666]
[344.539, 271.149]
[344.801, 270.891]
[345.062, 270.634]
[345.323, 270.376]
[345.583, 270.378]
[345.845, 270.120]
[346.106, 269.863]
[346.367, 269.605]
[346.629, 269.348]
[346.890, 269.090]
[347.150, 269.092]
[347.411, 268.835]
[347.673, 268.577]
[347.933, 268.579]
[348.193, 268.581]
[348.454, 268.583]
[348.714, 268.586]
[348.975, 268.328]
[349.236, 268.330]
[349.496, 268.332]
[349.755, 268.594]
[350.016, 268.596]
[350.276, 268.599]
[350.536, 268.601]
[350.796, 268.603]
[351.056, 268.865]
[351.315, 269.127]
[351.575, 269.129]
[351.835, 269.391]
[352.095, 269.393]
[352.355, 269.395]
[352.616, 269.398]
[352.877, 269.140]
[353.137, 269.142]
[353.398, 268.884]
[353.659, 268.887]
[353.919, 268.889]
[354.179, 268.891]
[354.441, 268.633]
[354.702, 268.376]
[354.962, 268.378]
[355.224, 268.120]
[355.485, 267.863]
[355.745, 267.865]
[356.006, 267.607]
[356.267, 267.609]
[356.528, 267.352]
[356.789, 267.094]
[357.050, 267.096]
[357.311, 266.839]
[357.571, 266.841]
[357.833, 266.583]
[358.094, 266.326]
[358.358, 265.289]
[358.620, 264.771]
[358.882, 264.514]
[359.144, 263.996]
[359.405, 263.739]
[359.666, 263.481]
[359.929, 262.964]
[360.191, 262.446]
[360.452, 262.189]
[360.714, 261.671]
[360.976, 261.414]
[361.236, 261.416]
[361.497, 261.158]
[361.759, 260.901]
[362.019, 260.903]
[362.279, 260.905]
[362.540, 260.907]
[362.800, 260.909]
[363.061, 260.652]
[363.321, 260.654]
[363.582, 260.656]
[363.842, 260.658]
[364.102, 260.661]
[364.363, 260.663]
[364.623, 260.665]
[364.883, 260.667]
[365.144, 260.669]
[365.404, 260.671]
[365.663, 260.933]
[365.924, 260.936]
[366.184, 260.938]
[366.445, 260.680]
[366.706, 260.422]
[366.969, 259.905]
[367.231, 259.388]
[367.493, 258.870]
[367.754, 258.613]
[368.017, 258.095]
[368.278, 257.838]
[368.540, 257.320]
[368.803, 256.803]
[369.064, 256.545]
[369.326, 256.028]
[369.586, 256.030]
[369.848, 255.772]
[370.109, 255.515]
[370.369, 255.517]
[370.630, 255.519]
[370.890, 255.521]
[371.150, 255.524]
[371.411, 255.266]
[371.672, 255.268]
[371.932, 255.270]
[372.191, 255.532]
[372.452, 255.534]
[372.712, 255.537]
[372.972, 255.539]
[373.233, 255.541]
[373.493, 255.543]
[373.753, 255.545]
[374.013, 255.807]
[374.273, 255.809]
[374.533, 255.812]
[374.794, 255.814]
[375.054, 255.816]
[375.313, 256.078]
[375.572, 256.340]
[375.833, 256.342]
[376.092, 256.604]
[376.351, 256.866]
[376.611, 257.128]
[376.871, 257.130]
[377.131, 257.132]
[377.392, 257.134]
[377.651, 257.396]
[377.911, 257.398]
[378.171, 257.660]
[378.431, 257.663]
[378.691, 257.665]
[378.952, 257.667]
[379.211, 257.929]
[379.470, 258.191]
[379.731, 258.193]
[379.990, 258.455]
[380.250, 258.457]
[380.510, 258.459]
[380.771, 258.461]
[381.031, 258.464]
[381.290, 258.726]
[381.551, 258.728]
[381.811, 258.730]
[382.071, 258.732]
[382.332, 258.734]
[382.591, 258.996]
[382.850, 259.258]
[383.111, 259.260]
[383.369, 259.782]
[383.628, 260.044]
[383.888, 260.306]
[384.147, 260.568]
[384.406, 260.830]
[384.667, 260.832]
[384.926, 261.094]
[385.185, 261.356]
[385.446, 261.358]
[385.704, 261.880]
[385.963, 262.142]
[386.222, 262.663]
[386.480, 263.185]
[386.739, 263.447]
[386.999, 263.709]
[387.259, 263.711]
[387.519, 263.713]
[387.780, 263.716]
[388.040, 263.718]
[388.299, 263.980]
[388.558, 264.242]
[388.819, 264.244]
[389.078, 264.506]
[389.337, 264.768]
[389.597, 265.030]
[389.856, 265.292]
[390.116, 265.294]
[390.376, 265.556]
[390.635, 265.818]
[390.894, 266.080]
[391.154, 266.342]
[391.413, 266.604]
[391.672, 266.866]
[391.932, 267.127]
[392.192, 267.130]
[392.452, 267.132]
[392.712, 267.394]
[392.972, 267.396]
[393.231, 267.658]
[393.493, 267.400]
[393.753, 267.402]
[394.014, 267.145]
[394.274, 267.147]
[394.535, 267.149]
[394.795, 267.151]
[395.056, 266.894]
[395.317, 266.896]
[395.578, 266.638]
[395.839, 266.381]
[396.100, 266.383]
[396.360, 266.385]
[396.620, 266.387]
[396.880, 266.389]
[397.142, 266.132]
[397.401, 266.394]
[397.661, 266.396]
[397.922, 266.398]
[398.182, 266.400]
[398.442, 266.402]
[398.702, 266.664]
[398.962, 266.666]
[399.221, 266.928]
[399.481, 267.190]
[399.741, 267.193]
[400.000, 267.454]
[400.260, 267.716]
[400.519, 267.978]
[400.779, 267.981]
[401.039, 268.243]
[401.297, 268.764]
[401.556, 269.026]
[401.816, 269.288]
[402.075, 269.550]
[402.334, 269.812]
[402.594, 269.814]
[402.855, 269.816]
[403.115, 269.819]
[403.375, 269.821]
[403.636, 269.823]
[403.896, 269.825]
[404.156, 269.827]
[404.418, 269.570]
[404.678, 269.572]
[404.939, 269.314]
[405.201, 269.057]
[405.461, 269.059]
[405.722, 268.801]
[405.983, 268.544]
[406.245, 268.286]
[406.506, 268.028]
[406.766, 268.030]
[407.028, 267.773]
[407.289, 267.515]
[407.550, 267.258]
[407.811, 267.000]
[408.073, 266.742]
[408.334, 266.485]
[408.595, 266.227]
[408.857, 265.970]
[409.117, 265.972]
[409.378, 265.714]
[409.639, 265.457]
[409.901, 265.199]
[410.162, 264.941]
[410.422, 264.944]
[410.684, 264.686]
[410.945, 264.428]
[411.205, 264.430]
[411.465, 264.433]
[411.726, 264.435]
[411.986, 264.437]
[412.247, 264.179]
[412.508, 264.182]
[412.768, 264.184]
[413.027, 264.446]
[413.288, 264.448]
[413.548, 264.450]
[413.808, 264.452]
[414.069, 264.454]
[414.328, 264.716]
[414.588, 264.718]
[414.848, 264.721]
[415.109, 264.723]
[415.368, 264.985]
[415.627, 265.247]
[415.888, 265.249]
[416.147, 265.511]
[416.406, 265.773]
[416.667, 265.775]
[416.928, 265.517]
[417.188, 265.520]
[417.450, 265.262]
[417.711, 265.004]
[417.971, 265.006]
[418.231, 265.009]
[418.493, 264.751]
[418.754, 264.493]
[419.016, 263.976]
[419.278, 263.718]
[419.540, 263.201]
[419.801, 262.943]
[420.061, 262.946]
[420.323, 262.688]
[420.584, 262.430]
[420.845, 262.173]
[421.106, 262.175]
[421.367, 261.917]
[421.628, 261.660]
[421.889, 261.402]
[422.150, 261.404]
[422.411, 261.147]
[422.672, 260.889]
[422.934, 260.631]
[423.196, 260.114]
[423.458, 259.597]
[423.720, 259.079]
[423.983, 258.562]
[424.244, 258.304]
[424.506, 257.787]
[424.767, 257.789]
[425.028, 257.531]
[425.289, 257.274]
[425.549, 257.276]
[425.811, 257.018]
[426.072, 256.761]
[426.332, 256.763]
[426.594, 256.505]
[426.855, 256.248]
[427.115, 256.250]
[427.375, 256.252]
[427.636, 256.254]
[427.896, 256.256]
[428.157, 255.999]
[428.417, 256.261]
[428.677, 256.263]
[428.937, 256.265]
[429.199, 256.008]
[429.459, 256.010]
[429.720, 255.752]
[429.981, 255.494]
[430.242, 255.497]
[430.502, 255.499]
[430.762, 255.501]
[431.024, 255.243]
[431.285, 254.986]
[431.546, 254.728]
[431.807, 254.471]
[432.070, 253.953]
[432.331, 253.696]
[432.591, 253.698]
[432.853, 253.440]
[433.114, 253.182]
[433.374, 253.185]
[433.635, 252.927]
[433.897, 252.669]
[434.158, 252.412]
[434.419, 252.154]
[434.681, 251.897]
[434.941, 251.899]
[435.202, 251.641]
[435.464, 251.384]
[435.724, 251.386]
[435.984, 251.388]
[436.244, 251.390]
[436.505, 251.392]
[436.766, 251.135]
[437.026, 251.137]
[437.286, 251.399]
[437.546, 251.401]
[437.806, 251.403]
[438.067, 251.405]
[438.327, 251.407]
[438.586, 251.669]
[438.847, 251.672]
[439.107, 251.674]
[439.366, 251.936]
[439.626, 251.938]
[439.886, 252.200]
[440.145, 252.462]
[440.405, 252.464]
[440.665, 252.726]
[440.924, 252.988]
[441.183, 253.250]
[441.443, 253.512]
[441.702, 253.774]
[441.961, 254.036]
[442.221, 254.298]
[442.480, 254.560]
[442.739, 254.821]
[442.999, 255.083]
[443.259, 255.086]
[443.519, 255.088]
[443.780, 255.090]
[444.040, 255.092]
[444.299, 255.354]
[444.560, 255.356]
[444.820, 255.358]
[445.080, 255.361]
[445.340, 255.363]
[445.601, 255.365]
[445.861, 255.367]
[446.121, 255.369]
[446.381, 255.631]
[446.641, 255.633]
[446.901, 255.636]
[447.162, 255.638]
[447.422, 255.640]
[447.681, 255.902]
[447.941, 256.164]
[448.201, 256.166]
[448.460, 256.428]
[448.720, 256.690]
[448.979, 256.952]
[449.238, 257.214]
[449.499, 257.216]
[449.758, 257.478]
[450.016, 258.000]
[450.276, 258.262]
[450.534, 258.783]
[450.792, 259.305]
[451.052, 259.567]
[451.311, 259.829]
[451.570, 260.091]
[451.830, 260.353]
[452.088, 260.875]
[452.347, 261.136]
[452.607, 261.398]
[452.866, 261.660]
[453.125, 261.922]
[453.386, 261.924]
[453.645, 262.186]
[453.905, 262.189]
[454.165, 262.191]
[454.426, 262.193]
[454.685, 262.455]
[454.944, 262.717]
[455.205, 262.719]
[455.464, 262.981]
[455.723, 263.243]
[455.983, 263.505]
[456.242, 263.767]
[456.501, 264.029]
[456.762, 264.031]
[457.023, 263.773]
[457.283, 263.775]
[457.545, 263.518]
[457.805, 263.520]
[458.065, 263.522]
[458.326, 263.524]
[458.587, 263.267]
[458.848, 263.009]
[459.109, 262.752]
[459.371, 262.494]
[459.632, 262.236]
[459.894, 261.719]
[460.155, 261.461]
[460.416, 261.464]
[460.677, 261.206]
[460.938, 260.948]
[461.199, 260.950]
[461.459, 260.953]
[461.719, 260.955]
[461.980, 260.957]
[462.241, 260.699]
[462.500, 260.961]
[462.760, 260.963]
[463.021, 260.966]
[463.281, 260.968]
[463.541, 260.970]
[463.801, 261.232]
[464.060, 261.494]
[464.320, 261.496]
[464.580, 261.758]
[464.839, 262.020]
[465.098, 262.282]
[465.358, 262.544]
[465.618, 262.546]
[465.876, 263.068]
[466.136, 263.330]
[466.394, 263.851]
[466.651, 264.633]
[466.910, 265.155]
[467.169, 265.417]
[467.428, 265.679]
[467.688, 265.941]
[467.948, 265.943]
[468.207, 266.205]
[468.467, 266.467]
[468.726, 266.729]
[468.985, 266.990]
[469.245, 267.252]
[469.505, 267.255]
[469.765, 267.257]
[470.026, 267.259]
[470.287, 267.001]
[470.547, 267.004]
[470.809, 266.746]
[471.070, 266.488]
[471.330, 266.490]
[471.590, 266.493]
[471.851, 266.495]
[472.111, 266.497]
[472.372, 266.239]
[472.634, 265.982]
[472.896, 265.464]
[473.158, 264.947]
[473.420, 264.430]
[473.682, 264.172]
[473.944, 263.655]
[474.204, 263.657]
[474.465, 263.399]
[474.727, 263.142]
[474.987, 263.144]
[475.248, 262.886]
[475.510, 262.628]
[475.772, 262.111]
[476.034, 261.594]
[476.295, 261.336]
[476.558, 260.819]
[476.818, 260.821]
[477.079, 260.563]
[477.341, 260.306]
[477.601, 260.308]
[477.861, 260.310]
[478.122, 260.312]
[478.382, 260.314]
[478.643, 260.057]
[478.903, 260.059]
[479.164, 260.061]
[479.424, 260.063]
[479.683, 260.325]
[479.944, 260.327]
[480.204, 260.330]
[480.464, 260.332]
[480.725, 260.334]
[480.984, 260.596]
[481.243, 260.858]
[481.504, 260.860]
[481.763, 261.122]
[482.022, 261.384]
[482.282, 261.646]
[482.541, 261.908]
[482.800, 262.170]
[483.060, 262.432]
[483.320, 262.434]
[483.580, 262.436]
[483.839, 262.698]
[484.099, 262.960]
[484.359, 262.962]
[484.618, 263.224]
[484.880, 262.966]
[485.141, 262.709]
[485.402, 262.451]
[485.664, 262.194]
[485.926, 261.676]
[486.187, 261.419]
[486.448, 261.161]
[486.711, 260.644]
[486.973, 260.126]
[487.235, 259.609]
[487.496, 259.351]
[487.759, 258.834]
[488.019, 258.836]
[488.280, 258.578]
[488.542, 258.321]
[488.802, 258.323]
[489.063, 258.065]
[489.324, 257.808]
[489.585, 257.810]
[489.846, 257.552]
[490.106, 257.554]
[490.367, 257.557]
[490.628, 257.299]
[490.889, 257.041]
[491.152, 256.264]
[491.415, 255.747]
[491.676, 255.489]
[491.938, 254.972]
[492.200, 254.714]
[492.461, 254.457]
[492.722, 254.199]
[492.984, 253.682]
[493.246, 253.424]
[493.508, 252.907]
[493.768, 252.909]
[494.030, 252.651]
[494.291, 252.394]
[494.551, 252.396]
[494.811, 252.398]
[495.072, 252.400]
[495.332, 252.402]
[495.593, 252.145]
[495.854, 252.147]
[496.114, 252.149]
[496.374, 252.151]
[496.635, 252.153]
[496.896, 251.896]
[497.156, 251.898]
[497.416, 251.900]
[497.678, 251.642]
[497.939, 251.385]
[498.200, 251.127]
[498.462, 250.870]
[498.723, 250.612]
[498.984, 250.354]
[499.245, 250.097]
[499.507, 249.839]
[499.769, 249.322]
[500.029, 249.324]
[500.291, 249.066]
[500.552, 248.809]
[500.812, 248.811]
[501.072, 248.813]
[501.334, 248.555]
[501.594, 248.558]
[501.855, 248.300]
[502.116, 248.302]
[502.376, 248.304]
[502.636, 248.307]
[502.897, 248.309]
[503.158, 248.051]
[503.418, 248.053]
[503.677, 248.315]
[503.938, 248.317]
[504.198, 248.320]
[504.458, 248.322]
[504.719, 248.324]
[504.978, 248.586]
[505.238, 248.588]
[505.499, 248.590]
[505.759, 248.592]
[506.019, 248.595]
[506.279, 248.857]
[506.538, 249.118]
[506.798, 249.121]
[507.057, 249.642]
[507.316, 249.904]
[507.575, 250.166]
[507.835, 250.428]
[508.094, 250.690]
[508.354, 250.692]
[508.615, 250.695]
[508.875, 250.697]
[509.135, 250.699]
[509.394, 250.961]
[509.655, 250.963]
[509.915, 250.965]
[510.174, 251.227]
[510.434, 251.489]
[510.694, 251.491]
[510.953, 251.753]
[511.213, 252.015]
[511.473, 252.017]
[511.734, 251.760]
[511.995, 251.762]
[512.255, 251.764]
[512.515, 251.766]
[512.776, 251.768]
[513.035, 252.030]
[513.295, 252.032]
[513.555, 252.035]
[513.816, 252.037]
[514.076, 252.039]
[514.335, 252.301]
[514.595, 252.563]
[514.855, 252.565]
[515.113, 253.087]
[515.373, 253.349]
[515.631, 253.870]
[515.890, 254.132]
[516.150, 254.394]
[516.409, 254.656]
[516.669, 254.658]
[516.929, 254.920]
[517.188, 255.182]
[517.448, 255.185]
[517.708, 255.446]
[517.967, 255.708]
[518.226, 255.970]
[518.486, 256.232]
[518.745, 256.494]
[519.004, 256.756]
[519.264, 257.018]
[519.523, 257.280]
[519.782, 257.542]
[520.043, 257.544]
[520.303, 257.546]
[520.562, 257.808]
[520.822, 258.070]
[521.082, 258.072]
[521.341, 258.334]
[521.602, 258.337]
[521.862, 258.339]
[522.121, 258.601]
[522.380, 258.863]
[522.641, 258.865]
[522.900, 259.127]
[523.159, 259.389]
[523.420, 259.391]
[523.680, 259.393]
[523.940, 259.395]
[524.202, 259.138]
[524.462, 259.140]
[524.722, 259.142]
[524.983, 259.144]
[525.243, 259.146]
[525.504, 258.889]
[525.764, 258.891]
[526.026, 258.633]
[526.286, 258.635]
[526.546, 258.638]
[526.807, 258.640]
[527.067, 258.642]
[527.328, 258.384]
[527.589, 258.387]
[527.848, 258.648]
[528.108, 258.651]
[528.368, 258.653]
[528.629, 258.655]
[528.889, 258.657]
[529.148, 258.919]
[529.408, 259.181]
[529.668, 259.183]
[529.927, 259.445]
[530.187, 259.707]
[530.447, 259.709]
[530.706, 259.971]
[530.966, 260.233]
[531.226, 260.235]
[531.485, 260.497]
[531.745, 260.759]
[532.004, 261.021]
[532.263, 261.283]
[532.523, 261.545]
[532.783, 261.547]
[533.041, 262.069]
[533.301, 262.331]
[533.559, 262.853]
[533.818, 263.115]
[534.078, 263.377]
[534.338, 263.379]
[534.598, 263.381]
[534.859, 263.383]
[535.120, 263.125]
[535.380, 263.128]
[535.640, 263.130]
[535.901, 263.132]
[536.161, 263.134]
[536.421, 263.136]
[536.682, 263.138]
[536.942, 263.141]
[537.202, 263.143]
[537.463, 263.145]
[537.724, 262.887]
[537.985, 262.630]
[538.245, 262.632]
[538.507, 262.374]
[538.768, 262.117]
[539.029, 261.859]
[539.291, 261.602]
[539.552, 261.344]
[539.813, 261.086]
[540.074, 260.829]
[540.336, 260.571]
[540.597, 260.313]
[540.858, 260.056]
[541.120, 259.798]
[541.381, 259.541]
[541.642, 259.283]
[541.902, 259.285]
[542.164, 259.028]
[542.425, 258.770]
[542.685, 258.772]
[542.947, 258.515]
[543.208, 258.257]
[543.468, 258.259]
[543.729, 258.001]
[543.991, 257.744]
[544.251, 257.746]
[544.511, 257.748]
[544.772, 257.750]
[545.032, 257.753]
[545.293, 257.495]
[545.554, 257.497]
[545.813, 257.759]
[546.073, 257.761]
[546.334, 257.763]
[546.594, 257.766]
[546.854, 257.768]
[547.114, 258.030]
[547.374, 258.032]
[547.633, 258.294]
[547.893, 258.296]
[548.154, 258.298]
[548.414, 258.300]
[548.674, 258.303]
[548.936, 258.045]
[549.196, 258.047]
[549.457, 257.789]
[549.718, 257.792]
[549.978, 257.794]
[550.238, 257.796]
[550.499, 257.538]
[550.761, 257.281]
[551.021, 257.283]
[551.282, 257.025]
[551.544, 256.768]
[551.804, 256.770]
[552.064, 256.772]
[552.325, 256.774]
[552.585, 256.776]
[552.846, 256.519]
[553.107, 256.261]
[553.369, 256.004]
[553.629, 256.006]
[553.890, 255.748]
[554.152, 255.491]
[554.413, 255.233]
[554.675, 254.716]
[554.937, 254.198]
[555.199, 253.941]
[555.461, 253.423]
[555.722, 253.166]
[555.982, 253.168]
[556.244, 252.910]
[556.505, 252.652]
[556.766, 252.395]
[557.029, 251.877]
[557.290, 251.620]
[557.552, 251.102]
[557.813, 250.845]
[558.075, 250.587]
[558.335, 250.589]
[558.596, 250.332]
[558.858, 250.074]
[559.118, 250.076]
[559.378, 250.079]
[559.639, 250.081]
[559.899, 250.083]
[560.160, 249.825]
[560.420, 249.827]
[560.681, 249.830]
[560.942, 249.572]
[561.202, 249.574]
[561.463, 249.576]
[561.723, 249.579]
[561.983, 249.581]
[562.245, 249.323]
[562.506, 249.065]
[562.768, 248.548]
[563.031, 247.771]
[563.295, 246.994]
[563.558, 246.217]
[563.820, 245.699]
[564.081, 245.442]
[564.344, 244.924]
[564.604, 244.926]
[564.865, 244.669]
[565.126, 244.411]
[565.387, 244.413]
[565.647, 244.416]
[565.907, 244.418]
[566.168, 244.420]
[566.429, 244.162]
[566.689, 244.164]
[566.949, 244.426]
[567.209, 244.429]
[567.469, 244.431]
[567.730, 244.433]
[567.990, 244.435]
[568.249, 244.697]
[568.509, 244.699]
[568.769, 244.961]
[569.030, 244.704]
[569.290, 244.706]
[569.551, 244.708]
[569.811, 244.710]
[570.070, 244.972]
[570.331, 244.974]
[570.591, 244.976]
[570.851, 244.978]
[571.112, 244.981]
[571.371, 245.243]
[571.630, 245.505]
[571.891, 245.507]
[572.150, 245.769]
[572.409, 246.031]
[572.669, 246.293]
[572.929, 246.295]
[573.189, 246.297]
[573.449, 246.299]
[573.710, 246.301]
[573.969, 246.563]
[574.229, 246.565]
[574.490, 246.568]
[574.750, 246.570]
[575.009, 246.832]
[575.270, 246.834]
[575.529, 247.096]
[575.788, 247.358]
[576.049, 247.360]
[576.308, 247.622]
[576.568, 247.624]
[576.828, 247.886]
[577.088, 247.888]
[577.348, 247.890]
[577.608, 247.892]
[577.869, 247.895]
[578.128, 248.157]
[578.388, 248.159]
[578.649, 248.161]
[578.909, 248.163]
[579.168, 248.425]
[579.428, 248.687]
[579.688, 248.689]
[579.946, 249.211]
[580.206, 249.473]
[580.465, 249.735]
[580.724, 249.997]
[580.984, 250.259]
[581.243, 250.521]
[581.502, 250.783]
[581.763, 250.785]
[582.022, 251.047]
[582.281, 251.309]
[582.540, 251.830]
[582.799, 252.092]
[583.057, 252.614]
[583.317, 252.876]
[583.576, 253.138]
[583.836, 253.140]
[584.097, 253.142]
[584.356, 253.404]
[584.615, 253.666]
[584.876, 253.668]
[585.135, 253.930]
[585.394, 254.192]
[585.654, 254.454]
[585.913, 254.716]
[586.172, 254.978]
[586.432, 254.980]
[586.692, 255.242]
[586.951, 255.504]
[587.211, 255.766]
[587.470, 256.028]
[587.729, 256.290]
[587.988, 256.552]
[588.249, 256.554]
[588.508, 256.816]
[588.768, 256.818]
[589.029, 256.820]
[589.289, 256.823]
[589.549, 256.825]
[589.810, 256.827]
[590.070, 256.829]
[590.330, 256.831]
[590.590, 257.093]
[590.851, 256.836]
[591.111, 256.838]
[591.371, 256.840]
[591.632, 256.842]
[591.892, 256.844]
[592.153, 256.587]
[592.414, 256.589]
[592.675, 256.331]
[592.935, 256.333]
[593.196, 256.336]
[593.456, 256.338]
[593.716, 256.340]
[593.977, 256.082]
[594.237, 256.344]
[594.497, 256.346]
[594.757, 256.349]
[595.018, 256.351]
[595.278, 256.353]
[595.537, 256.615]
[595.798, 256.617]
[596.057, 256.879]
[596.316, 257.141]
[596.577, 257.143]
[596.836, 257.405]
[597.095, 257.667]
[597.356, 257.669]
[597.615, 257.931]
[597.874, 258.193]
[598.135, 258.195]
[598.394, 258.457]
[598.652, 258.979]
[598.912, 259.241]
[599.171, 259.503]
[599.430, 259.765]
[599.690, 260.027]
[599.950, 260.029]
[600.210, 260.031]
[600.470, 260.033]
[600.731, 260.035]
[600.991, 260.038]
[601.252, 259.780]
[601.513, 259.782]
[601.774, 259.525]
[602.035, 259.267]
[602.296, 259.269]
[602.557, 259.012]
[602.818, 258.754]
[603.079, 258.496]
[603.341, 258.239]
[603.601, 258.241]
[603.862, 257.983]
[604.124, 257.726]
[604.385, 257.468]
[604.645, 257.470]
[604.906, 257.213]
[605.168, 256.955]
[605.428, 256.957]
[605.689, 256.700]
[605.950, 256.702]
[606.211, 256.444]
[606.472, 256.186]
[606.732, 256.189]
[606.994, 255.931]
[607.255, 255.673]
[607.515, 255.676]
[607.777, 255.418]
[608.038, 255.160]
[608.298, 255.163]
[608.559, 255.165]
[608.819, 255.167]
[609.079, 255.169]
[609.340, 254.911]
[609.601, 254.914]
[609.860, 255.176]
[610.120, 255.178]
[610.381, 255.180]
[610.641, 255.182]
[610.901, 255.184]
[611.161, 255.446]
[611.421, 255.448]
[611.681, 255.451]
[611.942, 255.453]
[612.202, 255.455]
[612.461, 255.717]
[612.721, 255.979]
[612.981, 255.981]
[613.240, 256.243]
[613.500, 256.505]
[613.760, 256.507]
[614.021, 256.249]
[614.281, 256.252]
[614.543, 255.994]
[614.803, 255.996]
[615.063, 255.998]
[615.324, 256.001]
[615.585, 255.743]
[615.846, 255.485]
[616.107, 255.228]
[616.369, 254.970]
[616.631, 254.453]
[616.892, 254.195]
[617.153, 254.197]
[617.414, 253.940]
[617.675, 253.682]
[617.936, 253.424]
[618.198, 253.167]
[618.458, 253.169]
[618.719, 252.911]
[618.981, 252.654]
[619.241, 252.656]
[619.502, 252.398]
[619.763, 252.141]
[620.024, 252.143]
[620.284, 252.145]
[620.545, 251.887]
[620.807, 251.630]
[621.072, 250.333]
[621.334, 249.816]
[621.595, 249.558]
[621.858, 249.041]
[622.119, 248.783]
[622.379, 248.785]
[622.641, 248.528]
[622.902, 248.270]
[623.163, 248.012]
[623.423, 248.015]
[623.685, 247.757]
[623.946, 247.499]
[624.206, 247.502]
[624.467, 247.504]
[624.727, 247.506]
[624.987, 247.508]
[625.248, 247.250]
[625.509, 247.253]
[625.768, 247.515]
[626.028, 247.517]
[626.290, 247.259]
[626.550, 247.261]
[626.811, 247.004]
[627.073, 246.746]
[627.333, 246.748]
[627.593, 246.750]
[627.854, 246.493]
[628.116, 246.235]
[628.377, 245.978]
[628.638, 245.720]
[628.900, 245.462]
[629.162, 244.945]
[629.424, 244.428]
[629.685, 244.170]
[629.948, 243.653]
[630.209, 243.395]
[630.469, 243.397]
[630.731, 243.140]
[630.992, 242.882]
[631.252, 242.884]
[631.512, 242.886]
[631.773, 242.889]
[632.033, 242.891]
[632.294, 242.633]
[632.555, 242.635]
[632.815, 242.637]
[633.075, 242.640]
[633.335, 242.902]
[633.596, 242.644]
[633.856, 242.646]
[634.117, 242.648]
[634.376, 242.910]
[634.636, 242.912]
[634.896, 242.915]
[635.157, 242.917]
[635.417, 242.919]
[635.676, 243.181]
[635.937, 243.183]
[636.197, 243.185]
[636.457, 243.187]
[636.717, 243.449]
[636.978, 243.192]
[637.238, 243.194]
[637.499, 243.196]
[637.759, 243.198]
[638.019, 243.200]
[638.278, 243.462]
[638.539, 243.464]
[638.799, 243.467]
[639.059, 243.469]
[639.320, 243.471]
[639.579, 243.733]
[639.838, 243.995]
[640.099, 243.997]
[640.357, 244.519]
[640.616, 244.781]
[640.875, 245.302]
[641.132, 246.084]
[641.391, 246.346]
[641.651, 246.608]
[641.910, 246.870]
[642.170, 246.872]
[642.431, 246.874]
[642.691, 246.876]
[642.951, 246.879]
[643.212, 246.881]
[643.472, 246.883]
[643.731, 247.145]
[643.992, 247.147]
[644.252, 247.149]
[644.512, 247.151]
[644.772, 247.153]
[645.032, 247.415]
[645.291, 247.677]
[645.551, 247.680]
[645.811, 247.941]
[646.070, 248.203]
[646.329, 248.465]
[646.590, 248.468]
[646.849, 248.730]
[647.108, 248.991]
[647.369, 248.994]
[647.628, 249.256]
[647.886, 249.777]
[648.146, 250.039]
[648.404, 250.561]
[648.662, 251.083]
[648.922, 251.345]
[649.181, 251.607]
[649.440, 251.869]
[649.699, 252.390]
[649.958, 252.652]
[650.216, 253.174]
[650.476, 253.436]
[650.735, 253.698]
[650.994, 253.960]
[651.255, 253.962]
[651.515, 253.964]
[651.775, 253.966]
[652.035, 254.228]
[652.294, 254.490]
[652.554, 254.492]
[652.814, 254.754]
[653.073, 255.016]
[653.332, 255.278]
[653.592, 255.540]
[653.852, 255.542]
[654.111, 255.804]
[654.371, 256.066]
[654.632, 255.809]
[654.892, 255.811]
[655.153, 255.553]
[655.415, 255.296]
[655.675, 255.298]
[655.935, 255.300]
[656.196, 255.302]
[656.457, 255.044]
[656.718, 254.787]
[656.979, 254.529]
[657.241, 254.272]
[657.503, 253.754]
[657.764, 253.497]
[658.025, 253.499]
[658.286, 253.241]
[658.547, 252.984]
[658.807, 252.986]
[659.068, 252.988]
[659.328, 252.990]
[659.588, 252.992]
[659.850, 252.735]
[660.110, 252.737]
[660.369, 252.999]
[660.630, 253.001]
[660.890, 253.003]
[661.150, 253.005]
[661.411, 253.008]
[661.670, 253.269]
[661.929, 253.531]
[662.190, 253.534]
[662.449, 253.796]
[662.708, 254.057]
[662.968, 254.319]
[663.227, 254.581]
[663.485, 255.103]
[663.745, 255.365]
[664.003, 255.887]
[664.261, 256.409]
[664.520, 256.930]
[664.778, 257.452]
[665.037, 257.714]
[665.297, 257.976]
[665.557, 257.978]
[665.816, 258.240]
[666.076, 258.502]
[666.336, 258.504]
[666.595, 258.766]
[666.854, 259.028]
[667.114, 259.290]
[667.374, 259.292]
[667.634, 259.294]
[667.895, 259.296]
[668.155, 259.299]
[668.414, 259.561]
[668.676, 259.303]
[668.937, 259.045]
[669.197, 259.048]
[669.459, 258.790]
[669.720, 258.532]
[669.980, 258.534]
[670.241, 258.277]
[670.503, 258.019]
[670.765, 257.502]
[671.026, 257.244]
[671.289, 256.727]
[671.550, 256.469]
[671.812, 255.952]
[672.072, 255.954]
[672.334, 255.696]
[672.595, 255.439]
[672.855, 255.441]
[673.116, 255.443]
[673.377, 255.186]
[673.638, 254.928]
[673.900, 254.411]
[674.162, 254.153]
[674.424, 253.636]
[674.685, 253.378]
[674.945, 253.380]
[675.207, 253.123]
[675.468, 252.865]
[675.728, 252.867]
[675.989, 252.869]
[676.249, 252.871]
[676.509, 252.874]
[676.771, 252.616]
[677.031, 252.618]
[677.291, 252.620]
[677.552, 252.622]
[677.811, 252.884]
[678.071, 252.887]
[678.331, 252.889]
[678.592, 252.891]
[678.852, 252.893]
[679.111, 253.155]
[679.371, 253.417]
[679.631, 253.419]
[679.890, 253.681]
[680.150, 253.943]
[680.409, 254.205]
[680.668, 254.467]
[680.928, 254.729]
[681.187, 254.991]
[681.447, 254.993]
[681.707, 255.255]
[681.966, 255.517]
[682.225, 255.779]
[682.486, 255.781]
[682.745, 256.043]
[683.005, 256.045]
[683.267, 255.788]
[683.528, 255.530]
[683.790, 255.013]
[684.052, 254.495]
[684.314, 254.238]
[684.576, 253.720]
[684.838, 253.203]
[685.100, 252.685]
[685.362, 252.428]
[685.624, 251.910]
[685.885, 251.653]
[686.147, 251.395]
[686.408, 251.138]
[686.669, 250.880]
[686.929, 250.882]
[687.191, 250.625]
[687.452, 250.367]
[687.712, 250.369]
[687.973, 250.371]
[688.234, 250.114]
[688.495, 249.856]
[688.757, 249.339]
[689.020, 248.821]
[689.281, 248.564]
[689.543, 248.046]
[689.805, 247.789]
[690.065, 247.791]
[690.326, 247.533]
[690.587, 247.276]
[690.849, 247.018]
[691.110, 246.760]
[691.371, 246.503]
[691.633, 245.985]
[691.895, 245.728]
[692.155, 245.730]
[692.416, 245.472]
[692.678, 245.215]
[692.938, 245.217]
[693.198, 245.219]
[693.459, 245.221]
[693.720, 244.964]
[693.980, 244.966]
[694.240, 244.968]
[694.501, 244.970]
[694.761, 244.972]
[695.022, 244.715]
[695.283, 244.717]
[695.543, 244.719]
[695.804, 244.461]
[696.066, 244.204]
[696.327, 243.946]
[696.587, 243.948]
[696.848, 243.691]
[697.110, 243.433]
[697.371, 243.176]
[697.632, 242.918]
[697.894, 242.660]
[698.156, 242.143]
[698.416, 242.145]
[698.677, 241.888]
[698.939, 241.630]
[699.199, 241.632]
[699.460, 241.375]
[699.721, 241.377]
[699.981, 241.379]
[700.242, 241.121]
[700.503, 241.123]
[700.764, 240.866]
[701.025, 240.608]
[701.285, 240.610]
[701.546, 240.613]
[701.806, 240.615]
[702.066, 240.617]
[702.328, 240.359]
[702.588, 240.361]
[702.847, 240.623]
[703.107, 240.626]
[703.368, 240.628]
[703.628, 240.630]
[703.888, 240.632]
[704.148, 240.894]
[704.407, 241.156]
[704.667, 241.158]
[704.927, 241.420]
[705.186, 241.682]
[705.445, 241.944]
[705.705, 242.206]
[705.964, 242.468]
[706.223, 242.730]
[706.483, 242.992]
[706.743, 242.994]
[707.002, 243.256]
[707.262, 243.518]
[707.522, 243.520]
[707.781, 243.782]
[708.041, 244.044]
[708.301, 244.046]
[708.560, 244.308]
[708.820, 244.570]
[709.079, 244.832]
[709.339, 244.834]
[709.600, 244.836]
[709.860, 244.838]
[710.120, 244.841]
[710.381, 244.583]
[710.642, 244.585]
[710.902, 244.587]
[711.161, 244.849]
[711.422, 244.851]
[711.682, 244.854]
[711.942, 244.856]
[712.203, 244.858]
[712.462, 245.120]
[712.721, 245.382]
[712.982, 245.384]
[713.240, 245.906]
[713.499, 246.168]
[713.758, 246.689]
[714.015, 247.471]
[714.274, 247.733]
[714.534, 247.995]
[714.794, 247.997]
[715.054, 247.999]
[715.315, 248.001]
[715.575, 248.004]
[715.834, 248.265]
[716.094, 248.527]
[716.354, 248.530]
[716.613, 248.792]
[716.871, 249.313]
[717.131, 249.575]
[717.390, 249.837]
[717.649, 250.099]
[717.909, 250.361]
[718.169, 250.363]
[718.428, 250.625]
[718.689, 250.627]
[718.948, 250.889]
[719.207, 251.151]
[719.468, 251.153]
[719.727, 251.415]
[719.987, 251.418]
[720.248, 251.420]
[720.507, 251.682]
[720.766, 251.944]
[721.027, 251.946]
[721.286, 252.208]
[721.545, 252.470]
[721.806, 252.472]
[722.066, 252.474]
[722.326, 252.476]
[722.587, 252.219]
[722.848, 252.221]
[723.108, 252.223]
[723.368, 252.225]
[723.629, 252.227]
[723.890, 251.970]
[724.150, 251.972]
[724.412, 251.714]
[724.672, 251.716]
[724.932, 251.719]
[725.193, 251.721]
[725.453, 251.723]
[725.714, 251.465]
[725.974, 251.467]
[726.234, 251.729]
[726.494, 251.732]
[726.754, 251.734]
[727.015, 251.736]
[727.275, 251.738]
[727.534, 252.000]
[727.794, 252.262]
[728.054, 252.264]
[728.313, 252.526]
[728.574, 252.528]
[728.833, 252.790]
[729.092, 253.052]
[729.353, 253.054]
[729.612, 253.316]
[729.871, 253.578]
[730.130, 254.100]
[730.389, 254.362]
[730.647, 254.884]
[730.907, 255.146]
[731.166, 255.408]
[731.426, 255.410]
[731.685, 255.672]
[731.945, 255.934]
[732.205, 255.936]
[732.464, 256.198]
[732.724, 256.460]
[732.984, 256.462]
[733.244, 256.464]
[733.506, 256.206]
[733.766, 256.209]
[734.026, 256.211]
[734.287, 256.213]
[734.547, 256.215]
[734.807, 256.217]
[735.068, 256.219]
[735.329, 255.962]
[735.589, 255.964]
[735.850, 255.706]
[736.112, 255.449]
[736.372, 255.451]
[736.632, 255.453]
[736.894, 255.196]
[737.155, 254.938]
[737.420, 253.641]
[737.682, 253.124]
[737.944, 252.866]
[738.206, 252.349]
[738.466, 252.351]
[738.727, 252.093]
[738.989, 251.836]
[739.249, 251.838]
[739.509, 251.840]
[739.770, 251.842]
[740.030, 251.844]
[740.291, 251.587]
[740.552, 251.589]
[740.811, 251.851]
[741.071, 251.853]
[741.332, 251.596]
[741.594, 251.338]
[741.855, 251.080]
[742.115, 251.082]
[742.377, 250.825]
[742.638, 250.567]
[742.898, 250.569]
[743.159, 250.572]
[743.419, 250.574]
[743.679, 250.576]
[743.940, 250.318]
[744.200, 250.580]
[744.460, 250.582]
[744.720, 250.585]
[744.981, 250.587]
[745.241, 250.589]
[745.500, 250.851]
[745.760, 251.113]
[746.020, 251.115]
[746.279, 251.377]
[746.540, 251.379]
[746.800, 251.381]
[747.060, 251.383]
[747.321, 251.126]
[747.582, 251.128]
[747.843, 250.870]
[748.103, 250.873]
[748.364, 250.875]
[748.624, 250.877]
[748.885, 250.619]
[749.146, 250.622]
[749.407, 250.364]
[749.667, 250.366]
[749.928, 250.108]
[750.189, 250.111]
[750.449, 250.113]
[750.709, 250.115]
[750.970, 250.117]
[751.231, 249.860]
[751.492, 249.602]
[751.754, 249.344]
[752.015, 249.087]
[752.276, 248.829]
[752.537, 248.571]
[752.799, 248.314]
[753.062, 247.537]
[753.324, 247.019]
[753.585, 246.762]
[753.848, 246.244]
[754.109, 245.987]
[754.370, 245.729]
[754.632, 245.471]
[754.893, 245.214]
[755.155, 244.697]
[755.416, 244.439]
[755.678, 244.181]
[755.939, 243.924]
[756.200, 243.666]
[756.462, 243.408]
[756.723, 243.151]
[756.983, 243.153]
[757.244, 242.895]
[757.506, 242.638]
[757.766, 242.640]
[758.026, 242.642]
[758.287, 242.644]
[758.547, 242.646]
[758.808, 242.389]
[759.069, 242.391]
[759.328, 242.653]
[759.588, 242.655]
[759.848, 242.657]
[760.110, 242.400]
[760.371, 242.142]
[760.632, 241.885]
[760.894, 241.627]
[761.156, 241.110]
[761.417, 240.852]
[761.678, 240.594]
[761.940, 240.337]
[762.201, 240.079]
[762.463, 239.562]
[762.725, 239.304]
[762.987, 238.787]
[763.248, 238.529]
[763.508, 238.531]
[763.770, 238.274]
[764.031, 238.016]
[764.291, 238.018]
[764.552, 238.020]
[764.812, 238.023]
[765.072, 238.025]
[765.333, 237.767]
[765.594, 237.769]
[765.854, 237.771]
[766.114, 237.774]
[766.374, 238.036]
[766.634, 238.038]
[766.894, 238.040]
[767.155, 238.042]
[767.415, 238.044]
[767.674, 238.306]
[767.935, 238.308]
[768.195, 238.311]
[768.455, 238.313]
[768.715, 238.575]
[768.974, 238.837]
[769.234, 238.839]
[769.493, 239.101]
[769.753, 239.363]
[770.012, 239.625]
[770.272, 239.627]
[770.533, 239.629]
[770.793, 239.631]
[771.053, 239.633]
[771.313, 239.895]
[771.572, 240.157]
[771.832, 240.159]
[772.092, 240.421]
[772.352, 240.423]
[772.612, 240.426]
[772.873, 240.428]
[773.132, 240.690]
[773.391, 240.952]
[773.652, 240.954]
[773.911, 241.216]
[774.171, 241.218]
[774.432, 241.220]
[774.692, 241.222]
[774.952, 241.225]
[775.212, 241.227]
[775.472, 241.489]
[775.732, 241.491]
[775.992, 241.493]
[776.253, 241.495]
[776.513, 241.497]
[776.772, 241.759]
[777.032, 242.021]
[777.292, 242.023]
[777.550, 242.545]
[777.810, 242.807]
[778.068, 243.329]
[778.327, 243.591]
[778.587, 243.853]
[778.846, 244.115]
[779.106, 244.117]
[779.365, 244.639]
[779.624, 244.900]
[779.882, 245.422]
[780.140, 246.204]
[780.399, 246.466]
[780.658, 246.728]
[780.919, 246.730]
[781.179, 246.732]
[781.438, 246.994]
[781.698, 247.256]
[781.958, 247.258]
[782.217, 247.520]
[782.477, 247.782]
[782.736, 248.044]
[782.995, 248.306]
[783.255, 248.568]
[783.515, 248.570]
[783.773, 249.092]
[784.033, 249.354]
[784.292, 249.616]
[784.551, 249.878]
[784.811, 250.139]
[785.071, 250.142]
[785.331, 250.144]
[785.591, 250.146]
[785.852, 250.148]
[786.111, 250.410]
[786.370, 250.672]
[786.631, 250.674]
[786.890, 250.936]
[787.151, 250.679]
[787.412, 250.681]
[787.672, 250.683]
[787.933, 250.425]
[788.194, 250.427]
[788.454, 250.430]
[788.714, 250.432]
[788.974, 250.434]
[789.236, 250.176]
[789.496, 250.179]
[789.757, 249.921]
[790.018, 249.923]
[790.278, 249.925]
[790.538, 249.927]
[790.799, 249.930]
[791.060, 249.672]
[791.320, 249.674]
[791.579, 249.936]
[791.840, 249.938]
[792.100, 249.940]
[792.360, 249.943]
[792.621, 249.945]
[792.880, 250.207]
[793.139, 250.469]
[793.400, 250.471]
[793.659, 250.733]
[793.918, 250.995]
[794.178, 251.257]
[794.438, 251.259]
[794.698, 251.261]
[794.958, 251.523]
[795.217, 251.785]
[795.477, 251.787]
[795.736, 252.309]
[795.995, 252.571]
[796.254, 252.833]
[796.514, 253.095]
[796.773, 253.357]
[797.033, 253.359]
[797.294, 253.361]
[797.554, 253.363]
[797.814, 253.365]
[798.074, 253.367]
[798.336, 253.110]
[798.596, 253.112]
[798.857, 252.854]
[799.118, 252.857]
[799.378, 252.859]
[799.639, 252.601]
[799.899, 252.603]
[800.161, 252.346]
[800.422, 252.088]
[800.682, 252.090]
[800.944, 251.833]
[801.205, 251.575]
[801.465, 251.577]
[801.727, 251.320]
[801.988, 251.062]
[802.249, 250.804]
[802.509, 250.807]
[802.771, 250.549]
[803.032, 250.291]
[803.292, 250.294]
[803.554, 250.036]
[803.814, 250.038]
[804.074, 250.040]
[804.335, 249.783]
[804.597, 249.525]
[804.858, 249.267]
[805.119, 249.010]
[805.380, 249.012]
[805.641, 248.754]
[805.902, 248.497]
[806.162, 248.499]
[806.423, 248.501]
[806.683, 248.503]
[806.943, 248.505]
[807.205, 248.248]
[807.464, 248.510]
[807.724, 248.512]
[807.985, 248.514]
[808.245, 248.516]
[808.505, 248.519]
[808.765, 248.780]
[809.025, 248.783]
[809.285, 248.785]
[809.546, 248.787]
[809.805, 249.049]
[810.064, 249.311]
[810.324, 249.313]
[810.584, 249.575]
[810.843, 249.837]
[811.103, 249.839]
[811.364, 249.841]
[811.624, 249.843]
[811.884, 249.846]
[812.145, 249.848]
[812.405, 249.850]
[812.665, 249.852]
[812.927, 249.595]
[813.188, 249.337]
[813.449, 249.079]
[813.711, 248.562]
[813.974, 248.045]
[814.235, 247.787]
[814.497, 247.270]
[814.758, 247.272]
[815.019, 247.014]
[815.280, 246.756]
[815.540, 246.759]
[815.801, 246.761]
[816.062, 246.503]
[816.323, 246.246]
[816.586, 245.728]
[816.847, 245.471]
[817.109, 244.953]
[817.370, 244.696]
[817.633, 244.178]
[817.895, 243.661]
[818.158, 242.884]
[818.420, 242.366]
[818.682, 242.109]
[818.944, 241.591]
[819.204, 241.593]
[819.466, 241.336]
[819.727, 241.078]
[819.987, 241.080]
[820.247, 241.083]
[820.509, 240.825]
[820.770, 240.567]
[821.030, 240.570]
[821.292, 240.312]
[821.553, 240.054]
[821.813, 240.056]
[822.073, 240.059]
[822.334, 240.061]
[822.594, 240.063]
[822.855, 239.805]
[823.115, 240.067]
[823.375, 240.070]
[823.636, 239.812]
[823.897, 239.814]
[824.158, 239.556]
[824.418, 239.559]
[824.678, 239.561]
[824.939, 239.563]
[825.199, 239.565]
[825.460, 239.308]
[825.722, 239.050]
[825.983, 238.792]
[826.244, 238.535]
[826.506, 238.017]
[826.768, 237.760]
[827.028, 237.762]
[827.289, 237.504]
[827.551, 237.247]
[827.811, 237.249]
[828.071, 237.251]
[828.332, 237.253]
[828.592, 237.255]
[828.853, 236.998]
[829.114, 236.740]
[829.376, 236.483]
[829.636, 236.485]
[829.897, 236.227]
[830.159, 235.969]
[830.419, 235.972]
[830.679, 235.974]
[830.940, 235.976]
[831.200, 235.978]
[831.461, 235.721]
[831.721, 235.723]
[831.982, 235.725]
[832.241, 235.987]
[832.501, 235.989]
[832.762, 235.991]
[833.022, 235.993]
[833.282, 235.996]
[833.542, 236.257]
[833.802, 236.260]
[834.061, 236.522]
[834.321, 236.784]
[834.581, 236.786]
[834.840, 237.048]
[835.100, 237.310]
[835.359, 237.572]
[835.618, 237.833]
[835.878, 238.095]
[836.138, 238.098]
[836.397, 238.360]
[836.656, 238.622]
[836.916, 238.883]
[837.175, 239.145]
[837.434, 239.407]
[837.695, 239.410]
[837.955, 239.412]
[838.215, 239.414]
[838.476, 239.416]
[838.735, 239.678]
[838.995, 239.680]
[839.256, 239.682]
[839.516, 239.684]
[839.777, 239.427]
[840.038, 239.429]
[840.298, 239.431]
[840.558, 239.433]
[840.818, 239.695]
[841.078, 239.698]
[841.338, 239.700]
[841.598, 239.702]
[841.859, 239.704]
[842.118, 239.966]
[842.377, 240.228]
[842.638, 240.230]
[842.897, 240.492]
[843.156, 240.754]
[843.416, 241.016]
[843.676, 241.018]
[843.935, 241.280]
[844.195, 241.542]
[844.453, 242.064]
[844.712, 242.326]
[844.971, 242.847]
[845.229, 243.369]
[845.487, 243.891]
[845.747, 244.153]
[846.006, 244.415]
[846.265, 244.677]
[846.525, 244.939]
[846.784, 245.201]
[847.043, 245.463]
[847.303, 245.725]
[847.562, 245.986]
[847.822, 245.989]
[848.082, 246.251]
[848.342, 246.253]
[848.601, 246.515]
[848.861, 246.777]
[849.121, 246.779]
[849.380, 247.041]
[849.640, 247.303]
[849.900, 247.305]
[850.160, 247.307]
[850.420, 247.309]
[850.681, 247.311]
[850.941, 247.314]
[851.201, 247.316]
[851.461, 247.578]
[851.721, 247.580]
[851.981, 247.582]
[852.242, 247.584]
[852.502, 247.586]
[852.762, 247.589]
[853.024, 247.331]
[853.285, 247.073]
[853.547, 246.556]
[853.808, 246.298]
[854.071, 245.781]
[854.331, 245.783]
[854.592, 245.525]
[854.854, 245.268]
[855.114, 245.270]
[855.374, 245.272]
[855.634, 245.274]
[855.895, 245.277]
[856.156, 245.019]
[856.416, 245.021]
[856.676, 245.283]
[856.936, 245.285]
[857.196, 245.287]
[857.457, 245.290]
[857.717, 245.292]
[857.976, 245.554]
[858.236, 245.816]
[858.496, 245.818]
[858.755, 246.080]
[859.015, 246.342]
[859.274, 246.604]
[859.533, 246.866]
[859.793, 246.868]
[860.052, 247.390]
[860.311, 247.651]
[860.570, 248.173]
[860.828, 248.695]
[861.086, 249.217]
[861.346, 249.479]
[861.605, 249.741]
[861.864, 250.003]
[862.124, 250.264]
[862.383, 250.526]
[862.642, 250.788]
[862.901, 251.050]
[863.161, 251.312]
[863.422, 251.055]
[863.682, 251.057]
[863.943, 251.059]
[864.203, 251.061]
[864.463, 251.063]
[864.725, 250.806]
[864.985, 250.808]
[865.245, 250.810]
[865.506, 250.812]
[865.766, 250.814]
[866.026, 250.817]
[866.286, 250.819]
[866.548, 250.561]
[866.809, 250.304]
[867.071, 249.786]
[867.334, 249.269]
[867.595, 249.011]
[867.857, 248.494]
[868.118, 248.236]
[868.380, 247.979]
[868.640, 247.981]
[868.901, 247.723]
[869.163, 247.465]
[869.423, 247.468]
[869.684, 247.210]
[869.945, 246.952]
[870.207, 246.695]
[870.468, 246.437]
[870.730, 245.920]
[870.991, 245.922]
[871.252, 245.664]
[871.513, 245.407]
[871.773, 245.409]
[872.035, 245.151]
[872.295, 245.154]
[872.555, 245.156]
[872.816, 245.158]
[873.076, 245.160]
[873.337, 244.902]
[873.598, 244.905]
[873.858, 244.907]
[874.118, 244.909]
[874.378, 244.911]
[874.638, 245.173]
[874.898, 245.175]
[875.158, 245.177]
[875.419, 245.180]
[875.679, 245.182]
[875.938, 245.444]
[876.198, 245.706]
[876.458, 245.708]
[876.717, 245.970]
[876.977, 246.232]
[877.236, 246.494]
[877.495, 246.756]
[877.755, 247.018]
[878.015, 247.020]
[878.275, 247.022]
[878.535, 247.284]
[878.794, 247.546]
[879.054, 247.548]
[879.314, 247.810]
[879.575, 247.552]
[879.836, 247.295]
[880.097, 247.037]
[880.359, 246.779]
[880.620, 246.522]
[880.881, 246.264]
[881.143, 246.007]
[881.404, 245.749]
[881.669, 244.452]
[881.931, 243.935]
[882.193, 243.677]
[882.455, 243.160]
[882.715, 243.162]
[882.976, 242.904]
[883.238, 242.647]
[883.498, 242.649]
[883.759, 242.391]
[884.020, 242.394]
[884.280, 242.396]
[884.540, 242.398]
[884.800, 242.400]
[885.062, 242.143]
[885.323, 241.885]
[885.585, 241.368]
[885.848, 240.850]
[886.109, 240.593]
[886.371, 240.075]
[886.632, 239.818]
[886.894, 239.560]
[887.155, 239.302]
[887.416, 239.045]
[887.678, 238.787]
[887.940, 238.270]
[888.201, 238.012]
[888.463, 237.495]
[888.724, 237.497]
[888.985, 237.239]
[889.246, 236.982]
[889.507, 236.984]
[889.767, 236.986]
[890.027, 236.988]
[890.287, 236.990]
[890.549, 236.733]
[890.809, 236.735]
[891.069, 236.737]
[891.330, 236.739]
[891.590, 236.741]
[891.850, 236.744]
[892.111, 236.746]
[892.371, 236.748]
[892.632, 236.490]
[892.893, 236.233]
[893.155, 235.975]
[893.416, 235.717]
[893.677, 235.460]
[893.940, 234.942]
[894.201, 234.685]
[894.462, 234.427]
[894.724, 233.910]
[894.985, 233.912]
[895.246, 233.654]
[895.507, 233.397]
[895.768, 233.399]
[896.028, 233.401]
[896.289, 233.144]
[896.549, 233.146]
[896.811, 232.888]
[897.071, 232.890]
[897.331, 232.892]
[897.592, 232.895]
[897.852, 232.897]
[898.113, 232.639]
[898.374, 232.641]
[898.634, 232.644]
[898.894, 232.646]
[899.154, 232.648]
[899.415, 232.650]
[899.674, 232.912]
[899.934, 232.914]
[900.195, 232.916]
[900.455, 232.919]
[900.715, 232.921]
[900.975, 233.183]
[901.234, 233.445]
[901.494, 233.447]
[901.754, 233.709]
[902.013, 233.971]
[902.273, 233.973]
[902.533, 234.235]
[902.792, 234.497]
[903.052, 234.499]
[903.312, 234.761]
[903.571, 235.023]
[903.831, 235.025]
[904.091, 235.287]
[904.351, 235.289]
[904.610, 235.551]
[904.870, 235.813]
[905.130, 235.815]
[905.389, 236.077]
[905.648, 236.339]
[905.909, 236.341]
[906.169, 236.343]
[906.429, 236.346]
[906.690, 236.348]
[906.950, 236.350]
[907.210, 236.352]
[907.470, 236.614]
[907.730, 236.616]
[907.990, 236.618]
[908.251, 236.621]
[908.511, 236.623]
[908.770, 236.885]
[909.030, 237.147]
[909.290, 237.149]
[909.548, 237.670]
[909.807, 237.932]
[910.067, 238.194]
[910.326, 238.456]
[910.586, 238.718]
[910.845, 238.980]
[911.104, 239.242]
[911.363, 239.504]
[911.624, 239.506]
[911.883, 239.768]
[912.142, 240.030]
[912.403, 240.032]
[912.661, 240.554]
[912.920, 240.816]
[913.180, 241.078]
[913.439, 241.340]
[913.698, 241.602]
[913.958, 241.864]
[914.217, 242.126]
[914.476, 242.388]
[914.736, 242.650]
[914.995, 242.912]
[915.254, 243.174]
[915.514, 243.436]
[915.774, 243.438]
[916.034, 243.440]
[916.295, 243.442]
[916.555, 243.444]
[916.815, 243.446]
[917.076, 243.449]
[917.335, 243.710]
[917.595, 243.713]
[917.856, 243.715]
[918.117, 243.457]
[918.377, 243.459]
[918.637, 243.462]
[918.898, 243.464]
[919.158, 243.466]
[919.417, 243.728]
[919.678, 243.730]
[919.939, 243.472]
[920.199, 243.475]
[920.461, 243.217]
[920.721, 243.219]
[920.981, 243.221]
[921.241, 243.223]
[921.502, 243.226]
[921.763, 242.968]
[922.023, 242.970]
[922.283, 243.232]
[922.543, 243.234]
[922.803, 243.237]
[923.064, 243.239]
[923.324, 243.241]
[923.583, 243.503]
[923.844, 243.505]
[924.103, 243.767]
[924.363, 243.769]
[924.622, 244.031]
[924.882, 244.293]
[925.142, 244.295]
[925.401, 244.817]
[925.660, 245.079]
[925.918, 245.601]
[926.177, 246.122]
[926.436, 246.384]
[926.695, 246.646]
[926.955, 246.908]
[927.214, 247.170]
[927.473, 247.432]
[927.733, 247.434]
[927.994, 247.436]
[928.254, 247.439]
[928.514, 247.441]
[928.775, 247.443]
[929.034, 247.705]
[929.294, 247.707]
[929.555, 247.709]
[929.815, 247.711]
[930.075, 247.714]
[930.336, 247.716]
[930.595, 247.978]
[930.855, 247.980]
[931.115, 247.982]
[931.377, 247.724]
[931.637, 247.727]
[931.898, 247.469]
[932.159, 247.471]
[932.420, 247.214]
[932.681, 246.956]
[932.947, 245.399]
[933.210, 244.882]
[933.471, 244.624]
[933.733, 244.107]
[933.995, 243.849]
[934.255, 243.852]
[934.516, 243.594]
[934.777, 243.336]
[935.038, 243.339]
[935.298, 243.341]
[935.558, 243.343]
[935.819, 243.345]
[936.080, 243.087]
[936.340, 243.090]
[936.602, 242.832]
[936.863, 242.574]
[937.123, 242.577]
[937.384, 242.319]
[937.646, 242.061]
[937.906, 242.063]
[938.166, 242.066]
[938.427, 242.068]
[938.687, 242.070]
[938.948, 241.812]
[939.208, 241.815]
[939.468, 242.077]
[939.728, 242.079]
[939.988, 242.081]
[940.249, 242.083]
[940.509, 242.085]
[940.768, 242.347]
[941.028, 242.609]
[941.288, 242.611]
[941.547, 242.873]
[941.807, 243.135]
[942.067, 243.137]
[942.327, 243.139]
[942.589, 242.882]
[942.849, 242.884]
[943.110, 242.626]
[943.371, 242.369]
[943.632, 242.371]
[943.893, 242.113]
[944.154, 241.856]
[944.415, 241.858]
[944.676, 241.600]
[944.937, 241.343]
[945.197, 241.345]
[945.459, 241.087]
[945.720, 240.830]
[945.980, 240.832]
[946.242, 240.574]
[946.503, 240.317]
[946.763, 240.319]
[947.025, 240.061]
[947.285, 240.063]
[947.546, 239.806]
[947.807, 239.548]
[948.072, 238.511]
[948.334, 237.994]
[948.595, 237.736]
[948.857, 237.219]
[949.119, 236.961]
[949.380, 236.704]
[949.641, 236.446]
[949.903, 236.188]
[950.165, 235.671]
[950.426, 235.413]
[950.686, 235.416]
[950.948, 235.158]
[951.209, 234.900]
[951.469, 234.903]
[951.730, 234.905]
[951.990, 234.907]
[952.250, 234.909]
[952.511, 234.651]
[952.772, 234.654]
[953.032, 234.656]
[953.292, 234.658]
[953.553, 234.660]
[953.813, 234.662]
[954.073, 234.664]
[954.335, 234.407]
[954.595, 234.409]
[954.855, 234.411]
[955.116, 234.413]
[955.376, 234.416]
[955.637, 234.158]
[955.896, 234.420]
[956.158, 234.162]
[956.419, 233.905]
[956.682, 233.127]
[956.945, 232.610]
[957.206, 232.352]
[957.468, 231.835]
[957.729, 231.577]
[957.991, 231.320]
[958.252, 231.062]
[958.513, 230.805]
[958.775, 230.287]
[959.037, 230.030]
[959.299, 229.512]
[959.559, 229.514]
[959.821, 229.257]
[960.082, 228.999]
[960.342, 229.001]
[960.602, 229.004]
[960.863, 229.006]
[961.123, 229.008]
[961.384, 228.750]
[961.645, 228.752]
[961.905, 228.755]
[962.165, 228.757]
[962.425, 229.019]
[962.686, 228.761]
[962.946, 228.763]
[963.207, 228.766]
[963.467, 228.768]
[963.727, 228.770]
[963.986, 229.032]
[964.247, 229.034]
[964.507, 229.036]
[964.767, 229.038]
[965.028, 229.040]
[965.287, 229.302]
[965.546, 229.564]
[965.807, 229.567]
[966.066, 229.828]
[966.325, 230.090]
[966.586, 230.093]
[966.846, 230.095]
[967.106, 230.097]
[967.366, 230.359]
[967.626, 230.361]
[967.885, 230.623]
[968.146, 230.625]
[968.406, 230.627]
[968.666, 230.630]
[968.925, 230.891]
[969.185, 231.153]
[969.445, 231.156]
[969.704, 231.418]
[969.965, 231.420]
[970.225, 231.422]
[970.485, 231.424]
[970.746, 231.426]
[971.005, 231.688]
[971.265, 231.690]
[971.526, 231.693]
[971.786, 231.695]
[972.046, 231.697]
[972.306, 231.959]
[972.565, 232.221]
[972.825, 232.223]
[973.084, 232.485]
[973.343, 233.007]
[973.602, 233.269]
[973.862, 233.530]
[974.121, 233.792]
[974.380, 234.054]
[974.639, 234.316]
[974.900, 234.319]
[975.159, 234.580]
[975.417, 235.102]
[975.677, 235.364]
[975.935, 235.886]
[976.193, 236.408]
[976.453, 236.670]
[976.712, 236.931]
[976.972, 236.934]
[977.233, 236.936]
[977.493, 236.938]
[977.752, 237.200]
[978.012, 237.462]
[978.272, 237.464]
[978.531, 237.726]
[978.791, 237.988]
[979.050, 238.250]
[979.310, 238.252]
[979.570, 238.514]
[979.829, 238.776]
[980.089, 238.778]
[980.349, 239.040]
[980.608, 239.302]
[980.867, 239.564]
[981.127, 239.826]
[981.387, 239.828]
[981.646, 240.090]
[981.906, 240.352]
[982.166, 240.354]
[982.425, 240.616]
[982.685, 240.878]
[982.944, 241.140]
[983.205, 240.882]
[983.466, 240.625]
[983.727, 240.627]
[983.988, 240.369]
[984.249, 240.112]
[984.510, 240.114]
[984.770, 240.116]
[985.031, 239.859]
[985.292, 239.861]
[985.553, 239.603]
[985.813, 239.605]
[986.073, 239.607]
[986.334, 239.610]
[986.594, 239.612]
[986.855, 239.354]
[987.116, 239.356]
[987.375, 239.618]
[987.635, 239.620]
[987.896, 239.623]
[988.156, 239.625]
[988.416, 239.627]
[988.676, 239.889]
[988.935, 240.151]
[989.195, 240.153]
[989.454, 240.415]
[989.714, 240.677]
[989.973, 240.939]
[990.232, 241.201]
[990.492, 241.463]
[990.750, 241.984]
[991.009, 242.246]
[991.268, 242.768]
[991.527, 243.030]
[991.786, 243.292]
[992.047, 243.294]
[992.306, 243.556]
[992.565, 243.818]
[992.826, 243.820]
[993.085, 244.082]
[993.345, 244.084]
[993.606, 244.087]
[993.866, 244.089]
[994.126, 244.091]
[994.388, 243.833]
[994.649, 243.576]
[994.911, 243.058]
[995.172, 242.801]
[995.435, 242.283]
[995.696, 242.026]
[995.957, 241.768]
[996.218, 241.770]
[996.479, 241.513]
[996.740, 241.255]
[997.000, 241.257]
[997.261, 241.259]
[997.522, 241.002]
[997.783, 240.744]
[998.045, 240.487]
[998.305, 240.489]
[998.566, 240.231]
[998.827, 239.974]
[999.088, 239.976]
[999.348, 239.978]
[999.608, 239.980]
[999.869, 239.982]
[1000.130, 239.725]
[1000.391, 239.467]
[1000.653, 239.209]
[1000.913, 239.212]
[1001.174, 238.954]
[1001.435, 238.696]
[1001.696, 238.699]
[1001.956, 238.701]
[1002.216, 238.703]
[1002.477, 238.705]
[1002.738, 238.447]
[1002.998, 238.450]
[1003.259, 238.452]
[1003.519, 238.454]
[1003.779, 238.456]
[1004.038, 238.718]
[1004.299, 238.720]
[1004.559, 238.722]
[1004.819, 238.725]
[1005.080, 238.727]
[1005.339, 238.989]
[1005.598, 239.251]
[1005.859, 239.253]
[1006.118, 239.515]
[1006.378, 239.517]
[1006.639, 239.519]
[1006.899, 239.521]
[1007.159, 239.523]
[1007.419, 239.785]
[1007.679, 239.788]
[1007.940, 239.530]
[1008.201, 239.272]
[1008.462, 239.274]
[1008.723, 239.017]
[1008.984, 238.759]
[1009.246, 238.502]
[1009.507, 238.244]
[1009.768, 237.986]
[1010.030, 237.469]
[1010.291, 237.471]
[1010.552, 237.214]
[1010.813, 236.956]
[1011.074, 236.958]
[1011.334, 236.960]
[1011.595, 236.703]
[1011.856, 236.445]
[1012.119, 235.928]
[1012.380, 235.670]
[1012.642, 235.153]
[1012.904, 234.895]
[1013.166, 234.378]
[1013.428, 233.860]
[1013.689, 233.603]
[1013.952, 233.085]
[1014.213, 232.828]
[1014.475, 232.310]
[1014.736, 232.053]
[1014.997, 232.055]
[1015.258, 231.797]
[1015.519, 231.540]
[1015.780, 231.542]
[1016.041, 231.284]
[1016.301, 231.286]
[1016.563, 231.029]
[1016.824, 230.771]
[1017.084, 230.773]
[1017.344, 230.776]
[1017.605, 230.778]
[1017.865, 230.780]
[1018.126, 230.522]
[1018.387, 230.524]
[1018.647, 230.527]
[1018.906, 230.789]
[1019.167, 230.791]
[1019.427, 230.793]
[1019.688, 230.535]
[1019.948, 230.537]
[1020.209, 230.540]
[1020.469, 230.542]
[1020.729, 230.544]
[1020.990, 230.546]
[1021.249, 230.808]
[1021.510, 230.551]
[1021.772, 230.293]
[1022.035, 229.516]
[1022.297, 228.998]
[1022.558, 228.741]
[1022.821, 228.223]
[1023.081, 228.226]
[1023.342, 227.968]
[1023.604, 227.710]
[1023.864, 227.712]
[1024.124, 227.715]
[1024.385, 227.457]
[1024.647, 227.199]
[1024.908, 226.942]
[1025.169, 226.684]
[1025.430, 226.686]
[1025.691, 226.429]
[1025.952, 226.171]
[1026.212, 226.173]
[1026.473, 226.176]
[1026.733, 226.178]
[1026.993, 226.180]
[1027.255, 225.922]
[1027.515, 225.924]
[1027.775, 225.927]
[1028.035, 226.189]
[1028.295, 226.191]
[1028.555, 226.193]
[1028.816, 226.195]
[1029.076, 226.197]
[1029.335, 226.459]
[1029.594, 226.721]
[1029.855, 226.723]
[1030.114, 226.985]
[1030.373, 227.247]
[1030.633, 227.509]
[1030.892, 227.771]
[1031.152, 227.773]
[1031.412, 228.035]
[1031.671, 228.297]
[1031.931, 228.299]
[1032.190, 228.821]
[1032.449, 229.083]
[1032.708, 229.345]
[1032.968, 229.607]
[1033.227, 229.869]
[1033.487, 229.871]
[1033.747, 230.133]
[1034.006, 230.395]
[1034.266, 230.397]
[1034.526, 230.659]
[1034.785, 230.921]
[1035.045, 230.923]
[1035.306, 230.925]
[1035.566, 230.927]
[1035.827, 230.670]
[1036.088, 230.672]
[1036.348, 230.674]
[1036.608, 230.676]
[1036.868, 230.679]
[1037.128, 230.941]
[1037.388, 230.943]
[1037.648, 230.945]
[1037.909, 230.947]
[1038.169, 230.949]
[1038.428, 231.211]
[1038.689, 231.213]
[1038.948, 231.475]
[1039.208, 231.477]
[1039.469, 231.480]
[1039.728, 231.742]
[1039.987, 232.003]
[1040.247, 232.006]
[1040.506, 232.527]
[1040.765, 232.789]
[1041.024, 233.311]
[1041.278, 234.872]
[1041.537, 235.134]
[1041.797, 235.396]
[1042.056, 235.658]
[1042.316, 235.660]
[1042.576, 235.922]
[1042.835, 236.184]
[1043.094, 236.446]
[1043.354, 236.708]
[1043.613, 236.970]
[1043.872, 237.232]
[1044.133, 237.234]
[1044.392, 237.496]
[1044.652, 237.498]
[1044.911, 237.760]
[1045.171, 238.022]
[1045.431, 238.024]
[1045.690, 238.286]
[1045.950, 238.548]
[1046.209, 238.810]
[1046.469, 239.072]
[1046.728, 239.334]
[1046.987, 239.596]
[1047.247, 239.598]
[1047.509, 239.340]
[1047.769, 239.342]
[1048.029, 239.345]
[1048.291, 239.087]
[1048.551, 239.089]
[1048.811, 239.091]
[1049.072, 239.093]
[1049.332, 239.096]
[1049.593, 238.838]
[1049.854, 238.580]
[1050.117, 238.063]
[1050.378, 237.805]
[1050.640, 237.288]
[1050.901, 237.290]
[1051.162, 237.033]
[1051.423, 236.775]
[1051.683, 236.777]
[1051.944, 236.779]
[1052.204, 236.782]
[1052.464, 236.784]
[1052.726, 236.526]
[1052.986, 236.528]
[1053.246, 236.530]
[1053.505, 236.792]
[1053.766, 236.795]
[1054.026, 236.797]
[1054.286, 236.799]
[1054.547, 236.801]
[1054.806, 237.063]
[1055.065, 237.325]
[1055.326, 237.327]
[1055.585, 237.589]
[1055.844, 237.851]
[1056.104, 238.113]
[1056.363, 238.375]
[1056.621, 238.897]
[1056.881, 239.159]
[1057.139, 239.680]
[1057.397, 240.202]
[1057.654, 241.243]
[1057.913, 241.505]
[1058.172, 241.767]
[1058.433, 241.769]
[1058.693, 241.772]
[1058.952, 242.034]
[1059.212, 242.295]
[1059.472, 242.298]
[1059.731, 242.560]
[1059.991, 242.822]
[1060.250, 243.083]
[1060.510, 243.086]
[1060.771, 243.088]
[1061.032, 242.830]
[1061.292, 242.832]
[1061.552, 243.094]
[1061.813, 242.837]
[1062.073, 242.839]
[1062.334, 242.581]
[1062.596, 242.324]
[1062.856, 242.326]
[1063.116, 242.328]
[1063.377, 242.330]
[1063.638, 242.073]
[1063.899, 241.815]
[1064.161, 241.298]
[1064.435, 237.663]
[1064.697, 237.405]
[1064.959, 236.888]
[1065.220, 236.630]
[1065.482, 236.373]
[1065.742, 236.375]
[1066.003, 236.117]
[1066.264, 235.860]
[1066.525, 235.862]
[1066.785, 235.864]
[1067.045, 235.866]
[1067.306, 235.868]
[1067.567, 235.611]
[1067.826, 235.873]
[1068.087, 235.875]
[1068.347, 235.877]
[1068.607, 235.879]
[1068.868, 235.881]
[1069.127, 236.143]
[1069.386, 236.405]
[1069.646, 236.407]
[1069.906, 236.669]
[1070.166, 236.671]
[1070.427, 236.414]
[1070.688, 236.416]
[1070.947, 236.678]
[1071.207, 236.680]
[1071.468, 236.682]
[1071.728, 236.684]
[1071.988, 236.687]
[1072.248, 236.949]
[1072.508, 236.951]
[1072.767, 237.213]
[1073.027, 237.475]
[1073.287, 237.477]
[1073.546, 237.739]
[1073.806, 238.001]
[1074.065, 238.263]
[1074.324, 238.525]
[1074.583, 238.787]
[1074.843, 239.049]
[1075.102, 239.310]
[1075.361, 239.572]
[1075.621, 239.834]
[1075.880, 240.096]
[1076.141, 240.099]
[1076.400, 240.360]
[1076.660, 240.363]
[1076.921, 240.105]
[1077.183, 239.847]
[1077.445, 239.330]
[1077.707, 238.813]
[1077.969, 238.555]
[1078.231, 238.038]
[1078.496, 236.741]
[1078.758, 236.224]
[1079.020, 235.966]
[1079.282, 235.449]
[1079.542, 235.451]
[1079.803, 235.193]
[1080.065, 234.935]
[1080.325, 234.938]
[1080.585, 234.940]
[1080.847, 234.682]
[1081.107, 234.684]
[1081.367, 234.687]
[1081.627, 234.689]
[1081.888, 234.691]
[1082.149, 234.433]
[1082.410, 234.176]
[1082.672, 233.918]
[1082.933, 233.660]
[1083.194, 233.403]
[1083.455, 233.145]
[1083.717, 232.888]
[1083.979, 232.370]
[1084.240, 232.113]
[1084.503, 231.595]
[1084.764, 231.338]
[1085.025, 231.080]
[1085.286, 230.822]
[1085.549, 230.305]
[1085.810, 230.047]
[1086.070, 230.050]
[1086.332, 229.792]
[1086.593, 229.534]
[1086.853, 229.537]
[1087.113, 229.539]
[1087.374, 229.541]
[1087.634, 229.543]
[1087.895, 229.285]
[1088.156, 229.288]
[1088.416, 229.290]
[1088.676, 229.292]
[1088.937, 229.294]
[1089.197, 229.296]
[1089.457, 229.298]
[1089.717, 229.301]
[1089.978, 229.303]
[1090.239, 229.045]
[1090.500, 228.788]
[1090.762, 228.530]
[1091.023, 228.272]
[1091.284, 228.015]
[1091.545, 227.757]
[1091.807, 227.500]
[1092.068, 227.242]
[1092.329, 226.984]
[1092.591, 226.727]
[1092.851, 226.729]
[1093.112, 226.471]
[1093.374, 226.214]
[1093.634, 226.216]
[1093.895, 225.958]
[1094.155, 225.960]
[1094.417, 225.703]
[1094.677, 225.705]
[1094.937, 225.707]
[1095.198, 225.709]
[1095.458, 225.711]
[1095.719, 225.454]
[1095.979, 225.456]
[1096.240, 225.458]
[1096.500, 225.460]
[1096.760, 225.463]
[1097.021, 225.465]
[1097.280, 225.727]
[1097.540, 225.729]
[1097.801, 225.731]
[1098.061, 225.733]
[1098.321, 225.735]
[1098.581, 225.997]
[1098.841, 225.999]
[1099.100, 226.261]
[1099.359, 226.523]
[1099.620, 226.526]
[1099.878, 227.047]
[1100.138, 227.309]
[1100.397, 227.571]
[1100.656, 227.833]
[1100.916, 228.095]
[1101.176, 228.097]
[1101.436, 228.099]
[1101.696, 228.102]
[1101.956, 228.364]
[1102.216, 228.366]
[1102.476, 228.368]
[1102.736, 228.630]
[1102.995, 228.892]
[1103.255, 228.894]
[1103.515, 229.156]
[1103.774, 229.418]
[1104.034, 229.420]
[1104.295, 229.422]
[1104.555, 229.424]
[1104.815, 229.427]
[1105.076, 229.429]
[1105.336, 229.431]
[1105.595, 229.693]
[1105.855, 229.695]
[1106.116, 229.697]
[1106.376, 229.699]
[1106.636, 229.701]
[1106.896, 229.963]
[1107.155, 230.225]
[1107.415, 230.228]
[1107.674, 230.749]
[1107.933, 231.011]
[1108.191, 231.533]
[1108.451, 231.795]
[1108.710, 232.057]
[1108.969, 232.319]
[1109.230, 232.321]
[1109.489, 232.583]
[1109.749, 232.585]
[1110.009, 232.847]
[1110.268, 233.109]
[1110.528, 233.111]
[1110.788, 233.373]
[1111.046, 233.895]
[1111.305, 234.157]
[1111.565, 234.419]
[1111.824, 234.681]
[1112.083, 234.943]
[1112.344, 234.945]
[1112.603, 235.207]
[1112.862, 235.469]
[1113.123, 235.471]
[1113.382, 235.733]
[1113.641, 235.995]
[1113.901, 236.257]
[1114.160, 236.519]
[1114.419, 236.781]
[1114.678, 237.302]
[1114.937, 237.564]
[1115.196, 237.826]
[1115.456, 238.088]
[1115.715, 238.350]
[1115.976, 238.093]
[1116.236, 238.095]
[1116.498, 237.837]
[1116.758, 237.839]
[1117.018, 237.841]
[1117.279, 237.844]
[1117.539, 237.846]
[1117.800, 237.588]
[1118.061, 237.590]
[1118.321, 237.592]
[1118.582, 237.335]
[1118.842, 237.337]
[1119.104, 237.079]
[1119.365, 236.822]
[1119.625, 236.824]
[1119.886, 236.826]
[1120.146, 236.828]
[1120.406, 236.831]
[1120.667, 236.573]
[1120.927, 236.835]
[1121.187, 236.837]
[1121.448, 236.839]
[1121.708, 236.841]
[1121.968, 236.844]
[1122.227, 237.105]
[1122.487, 237.367]
[1122.747, 237.370]
[1123.006, 237.632]
[1123.266, 237.894]
[1123.526, 237.896]
[1123.785, 238.158]
[1124.044, 238.679]
[1124.303, 238.941]
[1124.561, 239.463]
[1124.820, 239.985]
[1125.079, 240.247]
[1125.338, 240.509]
[1125.599, 240.511]
[1125.858, 240.773]
[1126.117, 241.035]
[1126.378, 241.037]
[1126.637, 241.299]
[1126.896, 241.561]
[1127.157, 241.563]
[1127.417, 241.565]
[1127.677, 241.567]
[1127.938, 241.569]
[1128.198, 241.572]
[1128.458, 241.574]
[1128.719, 241.576]
[1128.979, 241.578]
[1129.238, 241.840]
[1129.498, 241.842]
[1129.759, 241.844]
[1130.020, 241.587]
[1130.281, 241.329]
[1130.543, 241.072]
[1130.803, 241.074]
[1131.064, 240.816]
[1131.325, 240.559]
[1131.587, 240.301]
[1131.848, 240.043]
[1132.109, 239.786]
[1132.371, 239.528]
[1132.632, 239.271]
[1132.893, 239.013]
[1133.154, 238.755]
[1133.416, 238.498]
[1133.677, 238.240]
[1133.938, 237.982]
[1134.199, 237.985]
[1134.460, 237.727]
[1134.721, 237.469]
[1134.981, 237.472]
[1135.242, 237.474]
[1135.503, 237.216]
[1135.764, 236.959]
[1136.026, 236.701]
[1136.286, 236.703]
[1136.547, 236.446]
[1136.808, 236.188]
[1137.069, 236.190]
[1137.329, 236.192]
[1137.589, 236.194]
[1137.850, 236.197]
[1138.111, 235.939]
[1138.371, 235.941]
[1138.631, 236.203]
[1138.891, 236.205]
[1139.151, 236.207]
[1139.412, 236.210]
[1139.672, 236.212]
[1139.931, 236.474]
[1140.191, 236.736]
[1140.451, 236.738]
[1140.710, 237.000]
[1140.969, 237.262]
[1141.230, 237.264]
[1141.490, 237.266]
[1141.750, 237.268]
[1142.011, 237.270]
[1142.270, 237.532]
[1142.530, 237.535]
[1142.792, 237.277]
[1143.053, 237.019]
[1143.314, 236.762]
[1143.575, 236.504]
[1143.837, 236.247]
[1144.097, 236.249]
[1144.358, 235.991]
[1144.620, 235.733]
[1144.880, 235.736]
[1145.140, 235.738]
[1145.401, 235.740]
[1145.662, 235.482]
[1145.923, 235.225]
[1146.184, 234.967]
[1146.445, 234.969]
[1146.706, 234.712]
[1146.967, 234.454]
[1147.229, 234.196]
[1147.492, 233.419]
[1147.754, 232.902]
[1148.015, 232.644]
[1148.278, 232.127]
[1148.539, 231.869]
[1148.800, 231.612]
[1149.062, 231.354]
[1149.323, 231.096]
[1149.584, 230.839]
[1149.846, 230.322]
[1150.108, 230.064]
[1150.369, 229.806]
[1150.629, 229.808]
[1150.891, 229.551]
[1151.152, 229.293]
[1151.412, 229.295]
[1151.672, 229.298]
[1151.933, 229.300]
[1152.193, 229.302]
[1152.454, 229.044]
[1152.715, 229.046]
[1152.975, 229.049]
[1153.235, 229.051]
[1153.495, 229.313]
[1153.755, 229.315]
[1154.015, 229.317]
[1154.275, 229.319]
[1154.536, 229.321]
[1154.795, 229.583]
[1155.055, 229.586]
[1155.316, 229.588]
[1155.577, 229.330]
[1155.838, 229.073]
[1156.103, 227.776]
[1156.366, 227.258]
[1156.627, 227.001]
[1156.889, 226.483]
[1157.150, 226.486]
[1157.411, 226.228]
[1157.672, 225.970]
[1157.933, 225.713]
[1158.195, 225.455]
[1158.456, 225.198]
[1158.716, 225.200]
[1158.978, 224.942]
[1159.239, 224.684]
[1159.499, 224.687]
[1159.760, 224.689]
[1160.020, 224.691]
[1160.280, 224.693]
[1160.541, 224.436]
[1160.803, 224.178]
[1161.063, 224.180]
[1161.324, 223.923]
[1161.586, 223.665]
[1161.846, 223.667]
[1162.106, 223.669]
[1162.366, 223.671]
[1162.627, 223.674]
[1162.888, 223.416]
[1163.147, 223.678]
[1163.408, 223.680]
[1163.668, 223.682]
[1163.928, 223.684]
[1164.189, 223.687]
[1164.448, 223.949]
[1164.707, 224.211]
[1164.968, 224.213]
[1165.227, 224.475]
[1165.486, 224.737]
[1165.745, 224.999]
[1166.005, 225.260]
[1166.265, 225.263]
[1166.526, 225.265]
[1166.785, 225.527]
[1167.045, 225.529]
[1167.304, 225.791]
[1167.565, 225.793]
[1167.825, 225.795]
[1168.084, 226.057]
[1168.345, 226.059]
[1168.604, 226.321]
[1168.863, 226.583]
[1169.124, 226.585]
[1169.383, 226.847]
[1169.643, 226.850]
[1169.904, 226.852]
[1170.164, 226.854]
[1170.424, 226.856]
[1170.684, 227.118]
[1170.944, 227.120]
[1171.204, 227.122]
[1171.464, 227.125]
[1171.724, 227.386]
[1171.983, 227.648]
[1172.243, 227.651]
[1172.502, 228.172]
[1172.761, 228.434]
[1173.019, 228.956]
[1173.279, 229.218]
[1173.538, 229.480]
[1173.797, 229.742]
[1174.057, 230.004]
[1174.317, 230.006]
[1174.576, 230.268]
[1174.835, 230.790]
[1175.094, 231.052]
[1175.352, 231.573]
[1175.610, 232.355]
[1175.869, 232.617]
[1176.128, 232.879]
[1176.389, 232.881]
[1176.649, 232.883]
[1176.908, 233.145]
[1177.168, 233.407]
[1177.428, 233.409]
[1177.687, 233.671]
[1177.947, 233.933]
[1178.206, 234.195]
[1178.466, 234.197]
[1178.726, 234.459]
[1178.985, 234.721]
[1179.245, 234.723]
[1179.505, 234.985]
[1179.764, 235.247]
[1180.023, 235.509]
[1180.283, 235.771]
[1180.542, 236.033]
[1180.801, 236.295]
[1181.061, 236.557]
[1181.321, 236.559]
[1181.580, 236.821]
[1181.840, 237.083]
[1182.099, 237.345]
[1182.360, 237.087]
[1182.620, 237.089]
[1182.882, 236.832]
[1183.142, 236.834]
[1183.403, 236.576]
[1183.664, 236.579]
[1183.924, 236.581]
[1184.184, 236.583]
[1184.445, 236.585]
[1184.706, 236.327]
[1184.966, 236.330]
[1185.227, 236.072]
[1185.488, 236.074]
[1185.748, 236.076]
[1186.008, 236.079]
[1186.269, 236.081]
[1186.530, 235.823]
[1186.789, 236.085]
[1187.050, 236.087]
[1187.310, 236.089]
[1187.570, 236.092]
[1187.831, 236.094]
[1188.090, 236.356]
[1188.349, 236.618]
[1188.609, 236.620]
[1188.869, 236.882]
[1189.128, 237.144]
[1189.387, 237.406]
[1189.647, 237.668]
[1189.906, 237.930]
[1190.165, 238.451]
[1190.424, 238.713]
[1190.682, 239.235]
[1190.942, 239.497]
[1191.201, 239.759]
[1191.460, 240.021]
[1191.720, 240.023]
[1191.980, 240.285]
[1192.239, 240.547]
[1192.498, 240.809]
[1192.759, 240.811]
[1193.019, 240.813]
[1193.280, 240.556]
[1193.542, 240.298]
[1193.803, 240.040]
[1194.064, 239.783]
[1194.326, 239.265]
[1194.587, 239.267]
[1194.848, 239.010]
[1195.109, 238.752]
[1195.371, 238.495]
[1195.631, 238.497]
[1195.892, 238.239]
[1196.153, 237.982]
[1196.414, 237.984]
[1196.674, 237.986]
[1196.935, 237.728]
[1197.197, 237.471]
[1197.458, 237.213]
[1197.719, 236.956]
[1197.980, 236.958]
[1198.241, 236.700]
[1198.502, 236.442]
[1198.762, 236.445]
[1199.023, 236.447]
[1199.284, 236.189]
[1199.545, 235.932]
[1199.807, 235.674]
[1200.068, 235.416]
[1200.328, 235.419]
[1200.589, 235.161]
[1200.851, 234.903]
[1201.111, 234.905]
[1201.371, 234.908]
[1201.632, 234.910]
[1201.892, 234.912]
[1202.153, 234.654]
[1202.413, 234.916]
[1202.673, 234.919]
[1202.933, 234.921]
[1203.193, 234.923]
[1203.454, 234.925]
[1203.713, 235.187]
[1203.974, 235.189]
[1204.234, 235.191]
[1204.494, 235.193]
[1204.753, 235.455]
[1205.013, 235.717]
[1205.273, 235.720]
[1205.532, 235.982]
[1205.792, 236.243]
[1206.052, 236.246]
[1206.312, 236.248]
[1206.572, 236.510]
[1206.832, 236.512]
[1207.092, 236.514]
[1207.354, 236.256]
[1207.615, 235.999]
[1207.876, 235.741]
[1208.137, 235.484]
[1208.399, 235.226]
[1208.661, 234.709]
[1208.922, 234.451]
[1209.184, 233.934]
[1209.445, 233.936]
[1209.706, 233.678]
[1209.967, 233.421]
[1210.228, 233.423]
[1210.489, 233.165]
[1210.749, 233.167]
[1211.010, 233.170]
[1211.271, 232.912]
[1211.532, 232.654]
[1211.793, 232.397]
[1212.055, 232.139]
[1212.316, 231.881]
[1212.577, 231.624]
[1212.839, 231.366]
[1213.101, 230.849]
[1213.363, 230.331]
[1213.625, 229.814]
[1213.888, 229.297]
[1214.149, 229.039]
[1214.411, 228.522]
[1214.671, 228.524]
[1214.933, 228.266]
[1215.194, 228.009]
[1215.454, 228.011]
[1215.716, 227.753]
[1215.977, 227.496]
[1216.237, 227.498]
[1216.498, 227.240]
[1216.760, 226.983]
[1217.020, 226.985]
[1217.280, 226.987]
[1217.541, 226.989]
[1217.801, 226.991]
[1218.062, 226.734]
[1218.322, 226.996]
[1218.582, 226.998]
[1218.843, 226.740]
[1219.104, 226.742]
[1219.365, 226.485]
[1219.626, 226.227]
[1219.886, 226.229]
[1220.147, 226.231]
[1220.407, 226.234]
[1220.667, 226.236]
[1220.929, 225.978]
[1221.190, 225.721]
[1221.451, 225.463]
[1221.712, 225.205]
[1221.975, 224.688]
[1222.236, 224.430]
[1222.496, 224.433]
[1222.758, 224.175]
[1223.019, 223.917]
[1223.279, 223.919]
[1223.540, 223.662]
[1223.802, 223.404]
[1224.063, 223.147]
[1224.324, 222.889]
[1224.585, 222.891]
[1224.846, 222.634]
[1225.107, 222.376]
[1225.367, 222.378]
[1225.628, 222.380]
[1225.888, 222.382]
[1226.148, 222.385]
[1226.410, 222.127]
[1226.670, 222.129]
[1226.929, 222.391]
[1227.190, 222.393]
[1227.450, 222.396]
[1227.710, 222.398]
[1227.971, 222.400]
[1228.230, 222.662]
[1228.490, 222.664]
[1228.750, 222.666]
[1229.010, 222.928]
[1229.269, 223.190]
[1229.529, 223.192]
[1229.789, 223.454]
[1230.048, 223.716]
[1230.307, 223.978]
[1230.567, 224.240]
[1230.826, 224.502]
[1231.085, 224.764]
[1231.345, 225.026]
[1231.604, 225.288]
[1231.863, 225.550]
[1232.123, 225.812]
[1232.382, 226.074]
[1232.642, 226.076]
[1232.903, 226.078]
[1233.163, 226.080]
[1233.422, 226.342]
[1233.683, 226.344]
[1233.942, 226.606]
[1234.202, 226.608]
[1234.463, 226.611]
[1234.724, 226.353]
[1234.983, 226.615]
[1235.244, 226.617]
[1235.504, 226.619]
[1235.764, 226.621]
[1236.024, 226.624]
[1236.284, 226.886]
[1236.543, 227.147]
[1236.803, 227.150]
[1237.063, 227.412]
[1237.322, 227.674]
[1237.581, 227.936]
[1237.842, 227.938]
[1238.101, 228.200]
[1238.360, 228.462]
[1238.621, 228.464]
[1238.879, 228.985]
[1239.138, 229.247]
[1239.397, 229.769]
[1239.655, 230.291]
[1239.913, 230.813]
[1240.172, 231.334]
[1240.431, 231.596]
[1240.690, 231.858]
[1240.949, 232.380]
[1241.208, 232.642]
[1241.466, 233.164]
[1241.726, 233.426]
[1241.985, 233.688]
[1242.245, 233.690]
[1242.505, 233.952]
[1242.765, 233.954]
[1243.024, 234.216]
[1243.284, 234.478]
[1243.544, 234.480]
[1243.803, 234.742]
[1244.063, 235.004]
[1244.322, 235.266]
[1244.581, 235.528]
[1244.841, 235.790]
[1245.101, 235.792]
[1245.361, 235.794]
[1245.623, 235.536]
[1245.883, 235.539]
[1246.144, 235.281]
[1246.404, 235.283]
[1246.665, 235.285]
[1246.925, 235.287]
[1247.186, 235.030]
[1247.448, 234.772]
[1247.709, 234.515]
[1247.970, 234.257]
[1248.231, 233.999]
[1248.492, 234.002]
[1248.753, 233.744]
[1249.014, 233.486]
[1249.275, 233.489]
[1249.535, 233.491]
[1249.795, 233.493]
[1250.056, 233.495]
[1250.317, 233.237]
[1250.576, 233.499]
[1250.836, 233.502]
[1251.097, 233.504]
[1251.357, 233.506]
[1251.617, 233.508]
[1251.877, 233.770]
[1252.136, 234.032]
[1252.396, 234.034]
[1252.656, 234.296]
[1252.915, 234.558]
[1253.174, 234.820]
[1253.433, 235.342]
[1253.692, 235.604]
[1253.950, 236.125]
[1254.208, 236.907]
[1254.464, 237.948]
[1254.724, 238.210]
[1254.983, 238.472]
[1255.242, 238.734]
[1255.500, 239.256]
[1255.760, 239.518]
[1256.019, 239.780]
[1256.278, 240.042]
[1256.538, 240.304]
[1256.798, 240.306]
[1257.058, 240.308]
[1257.319, 240.310]
[1257.579, 240.312]
[1257.839, 240.314]
[1258.101, 240.057]
[1258.361, 240.059]
[1258.622, 239.801]
[1258.883, 239.544]
[1259.144, 239.546]
[1259.404, 239.548]
[1259.664, 239.550]
[1259.925, 239.552]
[1260.186, 239.295]
[1260.447, 239.037]
[1260.709, 238.520]
[1260.971, 238.262]
[1261.233, 237.745]
[1261.494, 237.487]
[1261.755, 237.489]
[1262.016, 237.232]
[1262.277, 236.974]
[1262.537, 236.976]
[1262.799, 236.719]
[1263.060, 236.461]
[1263.322, 235.944]
[1263.585, 235.426]
[1263.846, 235.169]
[1264.108, 234.651]
[1264.369, 234.654]
[1264.630, 234.396]
[1264.891, 234.138]
[1265.151, 234.140]
[1265.412, 234.143]
[1265.672, 234.145]
[1265.932, 234.147]
[1266.194, 233.889]
[1266.454, 233.892]
[1266.714, 233.894]
[1266.974, 233.896]
[1267.234, 234.158]
[1267.494, 234.160]
[1267.754, 234.162]
[1268.015, 234.164]
[1268.275, 234.167]
[1268.534, 234.428]
[1268.794, 234.690]
[1269.054, 234.693]
[1269.312, 235.214]
[1269.572, 235.476]
[1269.831, 235.738]
[1270.090, 236.000]
[1270.350, 236.262]
[1270.609, 236.524]
[1270.869, 236.526]
[1271.129, 236.788]
[1271.388, 237.050]
[1271.647, 237.312]
[1271.908, 237.314]
[1272.168, 237.316]
[1272.427, 237.578]
[1272.688, 237.581]
[1272.949, 237.323]
[1273.210, 237.065]
[1273.472, 236.548]
[1273.734, 236.290]
[1273.996, 235.773]
[1274.257, 235.515]
[1274.519, 234.998]
[1274.782, 234.481]
[1275.043, 234.223]
[1275.305, 233.706]
[1275.566, 233.708]
[1275.827, 233.450]
[1276.088, 233.192]
[1276.349, 232.935]
[1276.611, 232.677]
[1276.871, 232.679]
[1277.132, 232.422]
[1277.394, 232.164]
[1277.654, 232.166]
[1277.914, 232.169]
[1278.175, 232.171]
[1278.436, 231.913]
[1278.697, 231.656]
[1278.958, 231.398]
[1279.220, 231.140]
[1279.482, 230.623]
[1279.743, 230.365]
[1280.004, 230.367]
[1280.265, 230.110]
[1280.526, 229.852]
[1280.787, 229.595]
[1281.049, 229.337]
[1281.310, 229.079]
[1281.572, 228.562]
[1281.833, 228.304]
[1282.096, 227.787]
[1282.357, 227.529]
[1282.617, 227.532]
[1282.879, 227.274]
[1283.140, 227.016]
[1283.400, 227.019]
[1283.661, 227.021]
[1283.921, 227.023]
[1284.181, 227.025]
[1284.442, 226.767]
[1284.703, 226.770]
[1284.963, 226.772]
[1285.223, 226.774]
[1285.484, 226.776]
[1285.744, 226.778]
[1286.004, 226.780]
[1286.266, 226.523]
[1286.527, 226.265]
[1286.787, 226.267]
[1287.048, 226.010]
[1287.310, 225.752]
[1287.571, 225.495]
[1287.832, 225.237]
[1288.094, 224.979]
[1288.355, 224.722]
[1288.617, 224.204]
[1288.877, 224.207]
[1289.139, 223.949]
[1289.400, 223.691]
[1289.660, 223.694]
[1289.922, 223.436]
[1290.182, 223.438]
[1290.443, 223.180]
[1290.703, 223.183]
[1290.964, 223.185]
[1291.224, 223.187]
[1291.484, 223.189]
[1291.746, 222.932]
[1292.006, 222.934]
[1292.265, 223.196]
[1292.526, 223.198]
[1292.786, 223.200]
[1293.046, 223.202]
[1293.307, 223.204]
[1293.566, 223.466]
[1293.826, 223.468]
[1294.085, 223.730]
[1294.345, 223.992]
[1294.605, 223.995]
[1294.863, 224.516]
[1295.123, 224.778]
[1295.381, 225.300]
[1295.641, 225.562]
[1295.900, 225.824]
[1296.160, 225.826]
[1296.420, 225.828]
[1296.681, 225.830]
[1296.941, 225.833]
[1297.200, 226.094]
